
0,0,0,0,12,0,0,10,0,0,15,0,0,17,0,0,12,0,0,14,0,0,19,0,0,9,0,0,11,0,0,13,0,0,13,0,0,20,0,0,11,0,0,14,0,0,13,0,0,32,0,0,11,0,0,11,0,0,15,0,0,22,0,0,12,0,0,12,0,0,16,0,0,17,0,0,10,0,0,11,0,0,12,0,0,12,0,0,18,0,0,14,0,0,11,0,0,13,0,0,10,0,0,12,0,0,9,0,0,11,0,0,11,0,0,16,0,0,12,0,0,17,0,0,12,0,0,11,0,0,25,0,0,12,0,0,21,0,0,7,0,0,14,0,0,14,0,0,13,0,0,19,0,0,21,0,0,15,0,0,26,0,0,17,0,0,15,0,0,22,0,0,22,0,0,33,0,0,18,0,0,29,0,0,15,0,0,19,0,0,23,0,0,20,0,0,25,0,0,15,0,0,14,0,0,26,0,0,23,0,0,23,0,0,23,0,0,13,0,0,20,0,0,15,0,0,13,0,0,20,0,0,19,0,0,15,0,0,26,0,0,16,0,0,16,0,0,21,0,0,15,0,0,14,0,0,17,0,0,22,0,0,19,0,0,15,0,0,14,0,0,16,0,0,19,0,0,15,0,0,16,0,0,0
0,12,3,0,0,3,0,14,3,0,16,3,0,17,3,0,13,3,0,14,3,0,20,3,0,15,3,0,15,3,0,15,3,0,14,3,0,21,3,0,14,3,0,17,3,0,12,3,0,31,3,0,14,3,0,16,3,0,14,3,0,23,3,0,16,3,0,15,3,0,16,3,0,17,3,0,15,3,0,13,3,0,13,3,0,12,3,0,16,3,0,14,3,0,15,3,0,15,3,0,14,3,0,14,3,0,15,3,0,14,3,0,14,3,0,14,3,0,14,3,0,22,3,0,14,3,0,14,3,0,24,3,0,15,3,0,22,3,0,12,3,0,14,3,0,15,3,0,14,3,0,18,3,0,20,3,0,16,3,0,27,3,0,18,3,0,16,3,0,24,3,0,21,3,0,33,3,0,18,3,0,30,3,0,16,3,0,18,3,0,26,3,0,22,3,0,26,3,0,16,3,0,14,3,0,26,3,0,23,3,0,23,3,0,22,3,0,14,3,0,22,3,0,16,3,0,14,3,0,22,3,0,19,3,0,16,3,0,27,3,0,17,3,0,17,3,0,21,3,0,15,3,0,15,3,0,18,3,0,22,3,0,21,3,0,17,3,0,15,3,0,17,3,0,18,3,0,13,3,0,16,3,0,0
0,10,1,0,14,1,0,0,1,0,18,1,0,19,1,0,11,1,0,12,1,0,21,1,0,9,1,0,6,1,0,13,1,0,13,1,0,22,1,0,10,1,0,15,1,0,13,1,0,34,1,0,8,1,0,16,1,0,15,1,0,23,1,0,5,1,0,5,1,0,16,1,0,17,1,0,7,1,0,13,1,0,13,1,0,14,1,0,19,1,0,16,1,0,5,1,0,14,1,0,7,1,0,8,1,0,6,1,0,10,1,0,5,1,0,16,1,0,8,1,0,20,1,0,9,1,0,8,1,0,28,1,0,9,1,0,25,1,0,9,1,0,18,1,0,15,1,0,14,1,0,22,1,0,23,1,0,17,1,0,27,1,0,17,1,0,17,1,0,24,1,0,24,1,0,34,1,0,20,1,0,30,1,0,16,1,0,21,1,0,26,1,0,22,1,0,28,1,0,16,1,0,15,1,0,28,1,0,25,1,0,26,1,0,25,1,0,14,1,0,21,1,0,17,1,0,14,1,0,21,1,0,22,1,0,17,1,0,27,1,0,17,1,0,16,1,0,22,1,0,14,1,0,15,1,0,18,1,0,24,1,0,21,1,0,17,1,0,16,1,0,19,1,0,20,1,0,14,1,0,17,1,0,0
0,15,4,3,16,4,3,18,4,3,0,4,3,6,4,3,17,4,3,18,4,3,19,4,3,14,4,3,16,4,3,15,4,3,16,4,3,19,4,3,18,4,3,16,4,3,14,4,3,29,4,3,16,4,3,17,4,3,10,4,3,22,4,3,19,4,3,17,4,3,11,4,3,14,4,3,16,4,3,14,4,3,16,4,3,15,4,3,18,4,3,16,4,3,17,4,3,14,4,3,18,4,3,16,4,3,18,4,3,18,4,3,17,4,3,16,4,3,16,4,3,17,4,3,17,4,3,15,4,3,24,4,3,17,4,3,18,4,3,15,4,3,11,4,3,17,4,3,15,4,3,18,4,3,15,4,3,15,4,3,26,4,3,19,4,3,15,4,3,22,4,3,19,4,3,31,4,3,16,4,3,27,4,3,17,4,3,16,4,3,25,4,3,20,4,3,21,4,3,17,4,3,15,4,3,23,4,3,20,4,3,20,4,3,20,4,3,15,4,3,21,4,3,15,4,3,14,4,3,21,4,3,17,4,3,15,4,3,25,4,3,17,4,3,19,4,3,19,4,3,16,4,3,16,4,3,17,4,3,19,4,3,21,4,3,18,4,3,16,4,3,16,4,3,16,4,3,16,4,3,15,4,3,0
0,17,5,4,17,5,4,19,5,4,6,5,4,0,5,4,18,5,4,18,5,4,19,5,4,16,5,4,18,5,4,17,5,4,17,5,4,18,5,4,18,5,4,17,5,4,16,5,4,27,5,4,18,5,4,16,5,4,12,5,4,21,5,4,21,5,4,19,5,4,15,5,4,8,5,4,17,5,4,17,5,4,10,5,4,16,5,4,19,5,4,19,5,4,18,5,4,15,5,4,19,5,4,16,5,4,19,5,4,19,5,4,19,5,4,18,5,4,17,5,4,15,5,4,13,5,4,16,5,4,24,5,4,18,5,4,19,5,4,16,5,4,14,5,4,18,5,4,18,5,4,19,5,4,16,5,4,16,5,4,24,5,4,20,5,4,18,5,4,21,5,4,20,5,4,30,5,4,17,5,4,26,5,4,17,5,4,18,5,4,25,5,4,19,5,4,22,5,4,18,5,4,18,5,4,24,5,4,21,5,4,21,5,4,20,5,4,18,5,4,20,5,4,16,5,4,17,5,4,20,5,4,18,5,4,16,5,4,23,5,4,18,5,4,19,5,4,20,5,4,17,5,4,17,5,4,16,5,4,20,5,4,20,5,4,18,5,4,19,5,4,17,5,4,17,5,4,18,5,4,18,5,4,0
0,12,4,8,13,4,8,11,4,8,17,4,8,18,4,8,0,4,8,12,4,8,18,4,8,11,4,8,10,4,8,11,4,8,12,4,8,19,4,8,10,4,8,14,4,8,8,4,8,32,4,8,9,4,8,16,4,8,10,4,8,21,4,8,10,4,8,10,4,8,14,4,8,16,4,8,11,4,8,10,4,8,12,4,8,7,4,8,17,4,8,14,4,8,11,4,8,13,4,8,8,4,8,8,4,8,10,4,8,10,4,8,9,4,8,11,4,8,8,4,8,20,4,8,11,4,8,10,4,8,24,4,8,10,4,8,23,4,8,10,4,8,16,4,8,12,4,8,11,4,8,17,4,8,18,4,8,12,4,8,24,4,8,16,4,8,14,4,8,22,4,8,19,4,8,31,4,8,16,4,8,28,4,8,15,4,8,18,4,8,24,4,8,20,4,8,25,4,8,13,4,8,12,4,8,25,4,8,22,4,8,22,4,8,20,4,8,11,4,8,19,4,8,13,4,8,12,4,8,20,4,8,18,4,8,13,4,8,25,4,8,17,4,8,16,4,8,20,4,8,13,4,8,13,4,8,15,4,8,19,4,8,19,4,8,14,4,8,13,4,8,15,4,8,17,4,8,9,4,8,14,4,8,0
0,14,1,0,14,1,0,12,1,0,18,1,0,18,1,0,12,1,0,0,1,0,16,1,0,10,1,0,12,1,0,13,1,0,13,1,0,18,1,0,12,1,0,16,1,0,12,1,0,30,1,0,14,1,0,17,1,0,13,1,0,19,1,0,14,1,0,13,1,0,16,1,0,16,1,0,12,1,0,14,1,0,13,1,0,13,1,0,18,1,0,15,1,0,12,1,0,14,1,0,13,1,0,12,1,0,13,1,0,12,1,0,12,1,0,13,1,0,11,1,0,18,1,0,11,1,0,12,1,0,25,1,0,11,1,0,21,1,0,12,1,0,18,1,0,14,1,0,14,1,0,20,1,0,20,1,0,16,1,0,23,1,0,16,1,0,17,1,0,21,1,0,22,1,0,30,1,0,19,1,0,26,1,0,15,1,0,19,1,0,23,1,0,20,1,0,24,1,0,15,1,0,16,1,0,26,1,0,24,1,0,23,1,0,23,1,0,15,1,0,20,1,0,17,1,0,15,1,0,20,1,0,19,1,0,17,1,0,23,1,0,16,1,0,13,1,0,18,1,0,14,1,0,14,1,0,16,1,0,21,1,0,18,1,0,15,1,0,16,1,0,18,1,0,18,1,0,13,1,0,17,1,0,0
0,19,1,0,20,1,0,21,1,0,19,1,0,19,1,0,18,1,0,16,1,0,0,1,0,16,1,0,19,1,0,19,1,0,18,1,0,7,1,0,20,1,0,18,1,0,18,1,0,22,1,0,20,1,0,19,1,0,16,1,0,11,1,0,21,1,0,22,1,0,19,1,0,18,1,0,20,1,0,19,1,0,18,1,0,17,1,0,12,1,0,19,1,0,19,1,0,19,1,0,20,1,0,18,1,0,19,1,0,19,1,0,21,1,0,19,1,0,20,1,0,21,1,0,19,1,0,19,1,0,26,1,0,19,1,0,22,1,0,13,1,0,20,1,0,12,1,0,18,1,0,19,1,0,21,1,0,19,1,0,18,1,0,20,1,0,18,1,0,17,1,0,20,1,0,23,1,0,19,1,0,20,1,0,11,1,0,17,1,0,17,1,0,13,1,0,24,1,0,11,1,0,17,1,0,23,1,0,21,1,0,21,1,0,21,1,0,18,1,0,22,1,0,19,1,0,16,1,0,22,1,0,19,1,0,17,1,0,18,1,0,11,1,0,13,1,0,22,1,0,12,1,0,12,1,0,12,1,0,21,1,0,14,1,0,12,1,0,18,1,0,19,1,0,20,1,0,19,1,0,18,1,0,0
0,9,3,2,15,3,2,9,3,2,14,3,2,16,3,2,11,3,2,10,3,2,16,3,2,0,3,2,8,3,2,12,3,2,12,3,2,17,3,2,11,3,2,13,3,2,12,3,2,30,3,2,10,3,2,15,3,2,12,3,2,20,3,2,11,3,2,11,3,2,15,3,2,17,3,2,9,3,2,12,3,2,13,3,2,12,3,2,18,3,2,16,3,2,10,3,2,13,3,2,11,3,2,9,3,2,9,3,2,10,3,2,10,3,2,14,3,2,10,3,2,16,3,2,9,3,2,10,3,2,25,3,2,9,3,2,22,3,2,9,3,2,17,3,2,13,3,2,13,3,2,18,3,2,20,3,2,13,3,2,25,3,2,17,3,2,15,3,2,22,3,2,20,3,2,32,3,2,16,3,2,28,3,2,13,3,2,16,3,2,23,3,2,13,3,2,19,3,2,15,3,2,15,3,2,25,3,2,22,3,2,22,3,2,22,3,2,14,3,2,21,3,2,14,3,2,14,3,2,21,3,2,19,3,2,14,3,2,25,3,2,15,3,2,15,3,2,19,3,2,13,3,2,13,3,2,16,3,2,20,3,2,19,3,2,16,3,2,16,3,2,16,3,2,17,3,2,14,3,2,16,3,2,0
0,11,1,0,15,1,0,6,1,0,16,1,0,18,1,0,10,1,0,12,1,0,19,1,0,8,1,0,0,1,0,10,1,0,11,1,0,20,1,0,10,1,0,15,1,0,10,1,0,32,1,0,9,1,0,17,1,0,14,1,0,22,1,0,7,1,0,7,1,0,15,1,0,16,1,0,6,1,0,11,1,0,12,1,0,11,1,0,17,1,0,16,1,0,6,1,0,15,1,0,7,1,0,6,1,0,7,1,0,9,1,0,7,1,0,15,1,0,9,1,0,19,1,0,10,1,0,7,1,0,25,1,0,8,1,0,25,1,0,8,1,0,18,1,0,13,1,0,13,1,0,20,1,0,20,1,0,15,1,0,27,1,0,17,1,0,16,1,0,23,1,0,23,1,0,34,1,0,19,1,0,30,1,0,14,1,0,19,1,0,26,1,0,21,1,0,27,1,0,14,1,0,14,1,0,28,1,0,25,1,0,24,1,0,24,1,0,14,1,0,21,1,0,16,1,0,13,1,0,20,1,0,20,1,0,15,1,0,27,1,0,17,1,0,16,1,0,22,1,0,13,1,0,13,1,0,16,1,0,22,1,0,21,1,0,15,1,0,16,1,0,18,1,0,20,1,0,14,1,0,15,1,0,0
0,13,1,0,15,1,0,13,1,0,15,1,0,17,1,0,11,1,0,13,1,0,19,1,0,12,1,0,10,1,0,0,1,0,4,1,0,19,1,0,13,1,0,13,1,0,13,1,0,28,1,0,10,1,0,16,1,0,13,1,0,22,1,0,14,1,0,12,1,0,11,1,0,13,1,0,12,1,0,12,1,0,14,1,0,13,1,0,14,1,0,14,1,0,12,1,0,15,1,0,11,1,0,13,1,0,13,1,0,13,1,0,13,1,0,15,1,0,12,1,0,17,1,0,13,1,0,5,1,0,24,1,0,12,1,0,22,1,0,11,1,0,15,1,0,14,1,0,13,1,0,17,1,0,18,1,0,15,1,0,26,1,0,16,1,0,14,1,0,21,1,0,19,1,0,31,1,0,16,1,0,27,1,0,13,1,0,16,1,0,24,1,0,18,1,0,21,1,0,13,1,0,12,1,0,24,1,0,20,1,0,20,1,0,19,1,0,12,1,0,19,1,0,14,1,0,13,1,0,20,1,0,17,1,0,15,1,0,26,1,0,17,1,0,17,1,0,20,1,0,12,1,0,12,1,0,15,1,0,19,1,0,19,1,0,14,1,0,12,1,0,14,1,0,17,1,0,14,1,0,14,1,0,0
0,13,1,0,14,1,0,13,1,0,16,1,0,17,1,0,12,1,0,13,1,0,18,1,0,12,1,0,11,1,0,4,1,0,0,1,0,19,1,0,13,1,0,13,1,0,13,1,0,29,1,0,11,1,0,16,1,0,14,1,0,21,1,0,14,1,0,12,1,0,13,1,0,15,1,0,12,1,0,12,1,0,14,1,0,13,1,0,17,1,0,13,1,0,13,1,0,14,1,0,11,1,0,13,1,0,13,1,0,13,1,0,13,1,0,15,1,0,12,1,0,19,1,0,13,1,0,5,1,0,23,1,0,12,1,0,22,1,0,11,1,0,15,1,0,13,1,0,12,1,0,18,1,0,18,1,0,14,1,0,26,1,0,16,1,0,14,1,0,21,1,0,20,1,0,32,1,0,16,1,0,28,1,0,15,1,0,18,1,0,25,1,0,20,1,0,23,1,0,13,1,0,12,1,0,26,1,0,22,1,0,22,1,0,21,1,0,11,1,0,18,1,0,13,1,0,12,1,0,19,1,0,18,1,0,15,1,0,26,1,0,17,1,0,16,1,0,20,1,0,13,1,0,14,1,0,16,1,0,20,1,0,21,1,0,15,1,0,14,1,0,16,1,0,16,1,0,14,1,0,14,1,0,0
0,20,1,0,21,1,0,22,1,0,19,1,0,18,1,0,19,1,0,18,1,0,7,1,0,17,1,0,20,1,0,19,1,0,19,1,0,0,1,0,20,1,0,18,1,0,19,1,0,23,1,0,22,1,0,21,1,0,17,1,0,8,1,0,23,1,0,23,1,0,20,1,0,19,1,0,21,1,0,20,1,0,19,1,0,18,1,0,12,1,0,20,1,0,20,1,0,19,1,0,22,1,0,20,1,0,21,1,0,20,1,0,22,1,0,19,1,0,21,1,0,21,1,0,19,1,0,20,1,0,26,1,0,20,1,0,23,1,0,15,1,0,20,1,0,13,1,0,19,1,0,20,1,0,22,1,0,19,1,0,18,1,0,22,1,0,18,1,0,16,1,0,20,1,0,23,1,0,19,1,0,19,1,0,13,1,0,19,1,0,17,1,0,12,1,0,23,1,0,13,1,0,19,1,0,25,1,0,22,1,0,21,1,0,22,1,0,19,1,0,22,1,0,19,1,0,18,1,0,22,1,0,20,1,0,19,1,0,18,1,0,14,1,0,14,1,0,21,1,0,12,1,0,11,1,0,13,1,0,22,1,0,13,1,0,12,1,0,18,1,0,19,1,0,21,1,0,20,1,0,19,1,0,0
0,11,1,0,14,1,0,10,1,0,18,1,0,18,1,0,10,1,0,12,1,0,20,1,0,11,1,0,10,1,0,13,1,0,13,1,0,20,1,0,0,1,0,7,1,0,13,1,0,32,1,0,10,1,0,15,1,0,15,1,0,22,1,0,9,1,0,9,1,0,16,1,0,16,1,0,9,1,0,12,1,0,11,1,0,13,1,0,18,1,0,15,1,0,10,1,0,13,1,0,8,1,0,9,1,0,9,1,0,10,1,0,10,1,0,17,1,0,10,1,0,21,1,0,9,1,0,10,1,0,26,1,0,9,1,0,24,1,0,10,1,0,18,1,0,14,1,0,13,1,0,19,1,0,20,1,0,14,1,0,26,1,0,16,1,0,16,1,0,24,1,0,21,1,0,33,1,0,17,1,0,29,1,0,16,1,0,19,1,0,25,1,0,21,1,0,26,1,0,15,1,0,14,1,0,27,1,0,22,1,0,22,1,0,22,1,0,13,1,0,20,1,0,14,1,0,13,1,0,20,1,0,19,1,0,14,1,0,26,1,0,18,1,0,16,1,0,20,1,0,15,1,0,15,1,0,17,1,0,21,1,0,20,1,0,16,1,0,15,1,0,16,1,0,18,1,0,14,1,0,16,1,0,0
0,14,2,0,17,2,0,15,2,0,16,2,0,17,2,0,14,2,0,16,2,0,18,2,0,13,2,0,15,2,0,13,2,0,13,2,0,18,2,0,7,2,0,0,2,0,15,2,0,29,2,0,14,2,0,15,2,0,16,2,0,20,2,0,16,2,0,14,2,0,17,2,0,16,2,0,15,2,0,14,2,0,14,2,0,15,2,0,17,2,0,15,2,0,14,2,0,16,2,0,13,2,0,15,2,0,15,2,0,15,2,0,15,2,0,17,2,0,15,2,0,20,2,0,15,2,0,13,2,0,25,2,0,15,2,0,21,2,0,14,2,0,16,2,0,13,2,0,14,2,0,17,2,0,20,2,0,16,2,0,23,2,0,17,2,0,15,2,0,22,2,0,19,2,0,29,2,0,16,2,0,26,2,0,15,2,0,17,2,0,22,2,0,20,2,0,24,2,0,14,2,0,15,2,0,24,2,0,21,2,0,21,2,0,20,2,0,14,2,0,20,2,0,16,2,0,14,2,0,20,2,0,18,2,0,16,2,0,23,2,0,17,2,0,15,2,0,18,2,0,14,2,0,14,2,0,16,2,0,19,2,0,18,2,0,15,2,0,15,2,0,16,2,0,17,2,0,16,2,0,15,2,0,0
0,13,13,1,12,13,1,13,13,1,14,13,1,16,13,1,8,13,1,12,13,1,18,13,1,12,13,1,10,13,1,13,13,1,13,13,1,19,13,1,13,13,1,15,13,1,0,13,1,31,13,1,11,13,1,16,13,1,8,13,1,22,13,1,14,13,1,13,13,1,11,13,1,14,13,1,12,13,1,11,13,1,12,13,1,7,13,1,17,13,1,14,13,1,12,13,1,13,13,1,12,13,1,12,13,1,13,13,1,13,13,1,12,13,1,10,13,1,10,13,1,18,13,1,13,13,1,12,13,1,23,13,1,12,13,1,20,13,1,13,13,1,15,13,1,14,13,1,13,13,1,17,13,1,17,13,1,13,13,1,25,13,1,17,13,1,15,13,1,23,13,1,20,13,1,32,13,1,16,13,1,28,13,1,15,13,1,17,13,1,25,13,1,20,13,1,23,13,1,15,13,1,14,13,1,25,13,1,21,13,1,21,13,1,20,13,1,13,13,1,21,13,1,14,13,1,12,13,1,20,13,1,17,13,1,13,13,1,25,13,1,17,13,1,17,13,1,20,13,1,14,13,1,14,13,1,14,13,1,18,13,1,20,13,1,16,13,1,15,13,1,15,13,1,17,13,1,8,13,1,15,13,1,0
0,32,2,0,31,2,0,34,2,0,29,2,0,27,2,0,32,2,0,30,2,0,22,2,0,30,2,0,32,2,0,28,2,0,29,2,0,23,2,0,32,2,0,29,2,0,31,2,0,0,2,0,31,2,0,30,2,0,28,2,0,23,2,0,34,2,0,32,2,0,31,2,0,29,2,0,33,2,0,30,2,0,31,2,0,30,2,0,24,2,0,32,2,0,32,2,0,30,2,0,33,2,0,32,2,0,33,2,0,33,2,0,34,2,0,31,2,0,33,2,0,29,2,0,31,2,0,29,2,0,31,2,0,31,2,0,30,2,0,28,2,0,30,2,0,24,2,0,31,2,0,28,2,0,28,2,0,29,2,0,23,2,0,29,2,0,25,2,0,17,2,0,23,2,0,19,2,0,23,2,0,17,2,0,22,2,0,26,2,0,23,2,0,20,2,0,25,2,0,23,2,0,29,2,0,27,2,0,27,2,0,27,2,0,28,2,0,29,2,0,28,2,0,27,2,0,31,2,0,29,2,0,30,2,0,29,2,0,23,2,0,24,2,0,26,2,0,30,2,0,23,2,0,24,2,0,23,2,0,29,2,0,23,2,0,23,2,0,30,2,0,29,2,0,27,2,0,32,2,0,31,2,0,0
0,11,3,4,14,3,4,8,3,4,16,3,4,18,3,4,9,3,4,14,3,4,20,3,4,10,3,4,9,3,4,10,3,4,11,3,4,22,3,4,10,3,4,14,3,4,11,3,4,31,3,4,0,3,4,14,3,4,14,3,4,23,3,4,10,3,4,5,3,4,13,3,4,14,3,4,9,3,4,11,3,4,11,3,4,11,3,4,18,3,4,15,3,4,8,3,4,14,3,4,8,3,4,10,3,4,9,3,4,10,3,4,9,3,4,17,3,4,9,3,4,19,3,4,10,3,4,7,3,4,25,3,4,10,3,4,21,3,4,11,3,4,16,3,4,15,3,4,13,3,4,15,3,4,18,3,4,14,3,4,25,3,4,14,3,4,13,3,4,21,3,4,19,3,4,30,3,4,15,3,4,26,3,4,14,3,4,15,3,4,21,3,4,18,3,4,21,3,4,12,3,4,10,3,4,21,3,4,17,3,4,19,3,4,18,3,4,13,3,4,18,3,4,14,3,4,13,3,4,18,3,4,19,3,4,14,3,4,25,3,4,17,3,4,18,3,4,20,3,4,14,3,4,16,3,4,17,3,4,20,3,4,20,3,4,16,3,4,14,3,4,15,3,4,17,3,4,13,3,4,15,3,4,0
0,11,0,7,16,0,7,16,0,7,17,0,7,16,0,7,16,0,7,17,0,7,19,0,7,15,0,7,17,0,7,16,0,7,16,0,7,21,0,7,15,0,7,15,0,7,16,0,7,30,0,7,14,0,7,0,0,7,15,0,7,22,0,7,18,0,7,16,0,7,16,0,7,14,0,7,15,0,7,14,0,7,13,0,7,15,0,7,19,0,7,15,0,7,13,0,7,13,0,7,15,0,7,17,0,7,15,0,7,14,0,7,16,0,7,17,0,7,17,0,7,18,0,7,16,0,7,15,0,7,25,0,7,17,0,7,22,0,7,17,0,7,15,0,7,16,0,7,15,0,7,18,0,7,18,0,7,14,0,7,25,0,7,18,0,7,16,0,7,22,0,7,20,0,7,31,0,7,17,0,7,28,0,7,16,0,7,16,0,7,23,0,7,21,0,7,25,0,7,16,0,7,15,0,7,24,0,7,22,0,7,22,0,7,21,0,7,15,0,7,20,0,7,14,0,7,15,0,7,20,0,7,18,0,7,14,0,7,25,0,7,18,0,7,17,0,7,20,0,7,17,0,7,16,0,7,17,0,7,20,0,7,19,0,7,16,0,7,15,0,7,16,0,7,17,0,7,16,0,7,16,0,7,0
0,15,5,0,14,5,0,15,5,0,10,5,0,12,5,0,10,5,0,13,5,0,16,5,0,12,5,0,14,5,0,13,5,0,14,5,0,17,5,0,15,5,0,16,5,0,8,5,0,28,5,0,14,5,0,15,5,0,0,5,0,20,5,0,17,5,0,15,5,0,9,5,0,12,5,0,13,5,0,12,5,0,13,5,0,8,5,0,16,5,0,15,5,0,14,5,0,12,5,0,14,5,0,14,5,0,15,5,0,16,5,0,15,5,0,10,5,0,12,5,0,14,5,0,15,5,0,13,5,0,23,5,0,14,5,0,18,5,0,15,5,0,13,5,0,15,5,0,13,5,0,16,5,0,15,5,0,12,5,0,23,5,0,18,5,0,15,5,0,22,5,0,17,5,0,29,5,0,15,5,0,26,5,0,15,5,0,15,5,0,23,5,0,18,5,0,19,5,0,15,5,0,14,5,0,21,5,0,18,5,0,18,5,0,18,5,0,13,5,0,20,5,0,12,5,0,13,5,0,21,5,0,16,5,0,13,5,0,23,5,0,17,5,0,17,5,0,18,5,0,14,5,0,14,5,0,14,5,0,17,5,0,19,5,0,14,5,0,13,5,0,13,5,0,15,5,0,11,5,0,15,5,0,0
0,22,3,0,23,3,0,23,3,0,22,3,0,21,3,0,21,3,0,19,3,0,11,3,0,20,3,0,22,3,0,22,3,0,21,3,0,8,3,0,22,3,0,20,3,0,22,3,0,23,3,0,23,3,0,22,3,0,20,3,0,0,3,0,24,3,0,22,3,0,21,3,0,20,3,0,22,3,0,21,3,0,19,3,0,20,3,0,16,3,0,22,3,0,22,3,0,20,3,0,23,3,0,22,3,0,23,3,0,22,3,0,23,3,0,20,3,0,22,3,0,22,3,0,20,3,0,21,3,0,26,3,0,22,3,0,24,3,0,17,3,0,22,3,0,13,3,0,19,3,0,20,3,0,21,3,0,19,3,0,17,3,0,23,3,0,20,3,0,17,3,0,22,3,0,24,3,0,21,3,0,20,3,0,15,3,0,21,3,0,17,3,0,12,3,0,23,3,0,15,3,0,21,3,0,26,3,0,24,3,0,23,3,0,23,3,0,21,3,0,23,3,0,20,3,0,21,3,0,24,3,0,22,3,0,21,3,0,19,3,0,14,3,0,15,3,0,21,3,0,15,3,0,14,3,0,15,3,0,22,3,0,16,3,0,16,3,0,22,3,0,22,3,0,22,3,0,20,3,0,21,3,0,0
0,12,1,8,16,1,8,5,1,8,19,1,8,21,1,8,10,1,8,14,1,8,21,1,8,11,1,8,7,1,8,14,1,8,14,1,8,23,1,8,9,1,8,16,1,8,14,1,8,34,1,8,10,1,8,18,1,8,17,1,8,24,1,8,0,1,8,6,1,8,18,1,8,19,1,8,7,1,8,14,1,8,14,1,8,14,1,8,20,1,8,17,1,8,6,1,8,16,1,8,6,1,8,7,1,8,5,1,8,10,1,8,4,1,8,18,1,8,10,1,8,23,1,8,11,1,8,9,1,8,28,1,8,9,1,8,28,1,8,11,1,8,19,1,8,16,1,8,15,1,8,23,1,8,23,1,8,18,1,8,30,1,8,18,1,8,18,1,8,26,1,8,24,1,8,36,1,8,21,1,8,33,1,8,17,1,8,22,1,8,29,1,8,24,1,8,30,1,8,17,1,8,16,1,8,31,1,8,26,1,8,26,1,8,26,1,8,15,1,8,22,1,8,18,1,8,15,1,8,22,1,8,23,1,8,18,1,8,30,1,8,20,1,8,18,1,8,24,1,8,15,1,8,15,1,8,19,1,8,25,1,8,24,1,8,18,1,8,17,1,8,20,1,8,22,1,8,16,1,8,18,1,8,0
0,12,0,3,15,0,3,5,0,3,17,0,3,19,0,3,10,0,3,13,0,3,22,0,3,11,0,3,7,0,3,12,0,3,12,0,3,23,0,3,9,0,3,14,0,3,13,0,3,32,0,3,5,0,3,16,0,3,15,0,3,22,0,3,6,0,3,0,0,3,15,0,3,16,0,3,6,0,3,12,0,3,12,0,3,13,0,3,20,0,3,15,0,3,6,0,3,13,0,3,5,0,3,8,0,3,7,0,3,10,0,3,6,0,3,16,0,3,8,0,3,20,0,3,9,0,3,7,0,3,26,0,3,9,0,3,24,0,3,11,0,3,18,0,3,15,0,3,13,0,3,20,0,3,21,0,3,15,0,3,27,0,3,16,0,3,16,0,3,24,0,3,22,0,3,34,0,3,18,0,3,30,0,3,17,0,3,19,0,3,26,0,3,23,0,3,26,0,3,16,0,3,14,0,3,26,0,3,21,0,3,23,0,3,23,0,3,13,0,3,20,0,3,15,0,3,13,0,3,20,0,3,20,0,3,15,0,3,27,0,3,18,0,3,17,0,3,21,0,3,13,0,3,15,0,3,18,0,3,22,0,3,21,0,3,17,0,3,15,0,3,17,0,3,18,0,3,13,0,3,16,0,3,0
0,16,4,0,16,4,0,16,4,0,11,4,0,15,4,0,14,4,0,16,4,0,19,4,0,15,4,0,15,4,0,11,4,0,13,4,0,20,4,0,16,4,0,17,4,0,11,4,0,31,4,0,13,4,0,16,4,0,9,4,0,21,4,0,18,4,0,15,4,0,0,4,0,7,4,0,13,4,0,10,4,0,14,4,0,12,4,0,18,4,0,13,4,0,14,4,0,13,4,0,16,4,0,16,4,0,16,4,0,17,4,0,15,4,0,14,4,0,10,4,0,11,4,0,15,4,0,13,4,0,24,4,0,16,4,0,21,4,0,16,4,0,11,4,0,16,4,0,13,4,0,16,4,0,16,4,0,15,4,0,25,4,0,18,4,0,14,4,0,22,4,0,19,4,0,31,4,0,16,4,0,28,4,0,15,4,0,15,4,0,24,4,0,18,4,0,21,4,0,15,4,0,12,4,0,22,4,0,18,4,0,19,4,0,18,4,0,13,4,0,21,4,0,14,4,0,13,4,0,21,4,0,16,4,0,14,4,0,25,4,0,18,4,0,19,4,0,20,4,0,14,4,0,15,4,0,16,4,0,18,4,0,20,4,0,17,4,0,13,4,0,15,4,0,17,4,0,14,4,0,13,4,0,0
0,17,4,2,17,4,2,17,4,2,14,4,2,8,4,2,16,4,2,16,4,2,18,4,2,17,4,2,16,4,2,13,4,2,15,4,2,19,4,2,16,4,2,16,4,2,14,4,2,29,4,2,14,4,2,14,4,2,12,4,2,20,4,2,19,4,2,16,4,2,7,4,2,0,4,2,14,4,2,14,4,2,7,4,2,14,4,2,17,4,2,17,4,2,15,4,2,14,4,2,17,4,2,14,4,2,17,4,2,18,4,2,16,4,2,17,4,2,15,4,2,9,4,2,10,4,2,14,4,2,23,4,2,17,4,2,22,4,2,17,4,2,15,4,2,16,4,2,17,4,2,17,4,2,16,4,2,16,4,2,23,4,2,18,4,2,18,4,2,21,4,2,20,4,2,30,4,2,17,4,2,26,4,2,15,4,2,17,4,2,22,4,2,17,4,2,22,4,2,15,4,2,15,4,2,23,4,2,19,4,2,20,4,2,19,4,2,16,4,2,19,4,2,15,4,2,16,4,2,19,4,2,17,4,2,15,4,2,23,4,2,18,4,2,18,4,2,21,4,2,15,4,2,16,4,2,15,4,2,19,4,2,18,4,2,16,4,2,17,4,2,16,4,2,18,4,2,17,4,2,17,4,2,0
0,10,4,4,15,4,4,7,4,4,16,4,4,17,4,4,11,4,4,12,4,4,20,4,4,9,4,4,6,4,4,12,4,4,12,4,4,21,4,4,9,4,4,15,4,4,12,4,4,33,4,4,9,4,4,15,4,4,13,4,4,22,4,4,7,4,4,6,4,4,13,4,4,14,4,4,0,4,4,7,4,4,7,4,4,11,4,4,18,4,4,13,4,4,5,4,4,14,4,4,6,4,4,7,4,4,6,4,4,9,4,4,6,4,4,16,4,4,9,4,4,18,4,4,8,4,4,8,4,4,25,4,4,7,4,4,24,4,4,10,4,4,17,4,4,14,4,4,12,4,4,19,4,4,20,4,4,14,4,4,26,4,4,17,4,4,15,4,4,23,4,4,22,4,4,34,4,4,18,4,4,30,4,4,16,4,4,18,4,4,27,4,4,22,4,4,25,4,4,16,4,4,14,4,4,27,4,4,24,4,4,22,4,4,23,4,4,13,4,4,21,4,4,15,4,4,12,4,4,20,4,4,19,4,4,14,4,4,26,4,4,19,4,4,17,4,4,20,4,4,15,4,4,14,4,4,15,4,4,20,4,4,21,4,4,16,4,4,14,4,4,16,4,4,18,4,4,14,4,4,14,4,4,0
0,11,13,4,13,13,4,13,13,4,14,13,4,17,13,4,10,13,4,14,13,4,19,13,4,12,13,4,11,13,4,12,13,4,12,13,4,20,13,4,12,13,4,14,13,4,11,13,4,30,13,4,11,13,4,14,13,4,12,13,4,21,13,4,14,13,4,12,13,4,10,13,4,14,13,4,7,13,4,0,13,4,7,13,4,9,13,4,17,13,4,7,13,4,10,13,4,12,13,4,12,13,4,13,13,4,12,13,4,14,13,4,11,13,4,15,13,4,9,13,4,17,13,4,12,13,4,11,13,4,20,13,4,13,13,4,21,13,4,12,13,4,10,13,4,13,13,4,6,13,4,17,13,4,17,13,4,12,13,4,24,13,4,14,13,4,9,13,4,17,13,4,20,13,4,32,13,4,16,13,4,28,13,4,15,13,4,17,13,4,25,13,4,21,13,4,23,13,4,15,13,4,8,13,4,25,13,4,22,13,4,20,13,4,21,13,4,7,13,4,15,13,4,13,13,4,6,13,4,14,13,4,17,13,4,12,13,4,24,13,4,18,13,4,17,13,4,18,13,4,15,13,4,13,13,4,14,13,4,18,13,4,19,13,4,15,13,4,8,13,4,14,13,4,16,13,4,12,13,4,8,13,4,0
0,12,1,0,13,1,0,13,1,0,16,1,0,10,1,0,12,1,0,13,1,0,18,1,0,13,1,0,12,1,0,14,1,0,14,1,0,19,1,0,11,1,0,14,1,0,12,1,0,31,1,0,11,1,0,13,1,0,13,1,0,19,1,0,14,1,0,12,1,0,14,1,0,7,1,0,7,1,0,7,1,0,0,1,0,10,1,0,16,1,0,14,1,0,11,1,0,13,1,0,12,1,0,9,1,0,12,1,0,13,1,0,11,1,0,16,1,0,12,1,0,16,1,0,6,1,0,12,1,0,22,1,0,12,1,0,21,1,0,12,1,0,17,1,0,12,1,0,13,1,0,17,1,0,18,1,0,13,1,0,23,1,0,15,1,0,16,1,0,20,1,0,20,1,0,31,1,0,17,1,0,27,1,0,15,1,0,18,1,0,24,1,0,20,1,0,24,1,0,14,1,0,15,1,0,26,1,0,22,1,0,21,1,0,21,1,0,14,1,0,18,1,0,14,1,0,13,1,0,17,1,0,18,1,0,13,1,0,23,1,0,17,1,0,16,1,0,19,1,0,14,1,0,13,1,0,14,1,0,18,1,0,18,1,0,14,1,0,15,1,0,15,1,0,17,1,0,13,1,0,15,1,0,0
0,12,2,0,12,2,0,14,2,0,15,2,0,16,2,0,7,2,0,13,2,0,17,2,0,12,2,0,11,2,0,13,2,0,13,2,0,18,2,0,13,2,0,15,2,0,7,2,0,30,2,0,11,2,0,15,2,0,8,2,0,20,2,0,14,2,0,13,2,0,12,2,0,14,2,0,11,2,0,9,2,0,10,2,0,0,2,0,16,2,0,14,2,0,9,2,0,12,2,0,12,2,0,13,2,0,13,2,0,13,2,0,11,2,0,10,2,0,11,2,0,19,2,0,13,2,0,12,2,0,24,2,0,13,2,0,19,2,0,13,2,0,16,2,0,14,2,0,13,2,0,17,2,0,17,2,0,14,2,0,25,2,0,17,2,0,13,2,0,21,2,0,18,2,0,30,2,0,14,2,0,26,2,0,15,2,0,17,2,0,25,2,0,18,2,0,22,2,0,14,2,0,13,2,0,25,2,0,21,2,0,20,2,0,21,2,0,13,2,0,21,2,0,14,2,0,12,2,0,20,2,0,17,2,0,13,2,0,24,2,0,17,2,0,16,2,0,20,2,0,14,2,0,13,2,0,14,2,0,18,2,0,20,2,0,15,2,0,14,2,0,15,2,0,13,2,0,9,2,0,14,2,0,0
0,18,1,0,16,1,0,19,1,0,18,1,0,19,1,0,17,1,0,18,1,0,12,1,0,18,1,0,17,1,0,14,1,0,17,1,0,12,1,0,18,1,0,17,1,0,17,1,0,24,1,0,18,1,0,19,1,0,16,1,0,16,1,0,20,1,0,20,1,0,18,1,0,17,1,0,18,1,0,17,1,0,16,1,0,16,1,0,0,1,0,17,1,0,17,1,0,18,1,0,18,1,0,16,1,0,18,1,0,17,1,0,18,1,0,18,1,0,18,1,0,20,1,0,17,1,0,18,1,0,24,1,0,18,1,0,24,1,0,11,1,0,18,1,0,11,1,0,18,1,0,21,1,0,22,1,0,18,1,0,20,1,0,20,1,0,18,1,0,16,1,0,21,1,0,24,1,0,19,1,0,22,1,0,10,1,0,19,1,0,19,1,0,13,1,0,24,1,0,10,1,0,17,1,0,25,1,0,21,1,0,21,1,0,21,1,0,17,1,0,19,1,0,17,1,0,18,1,0,20,1,0,19,1,0,18,1,0,20,1,0,11,1,0,12,1,0,22,1,0,9,1,0,8,1,0,11,1,0,21,1,0,9,1,0,6,1,0,13,1,0,13,1,0,19,1,0,17,1,0,18,1,0,0
0,14,2,1,14,2,1,16,2,1,16,2,1,19,2,1,14,2,1,15,2,1,19,2,1,16,2,1,16,2,1,14,2,1,13,2,1,20,2,1,15,2,1,15,2,1,14,2,1,32,2,1,15,2,1,15,2,1,15,2,1,22,2,1,17,2,1,15,2,1,13,2,1,17,2,1,13,2,1,7,2,1,14,2,1,14,2,1,17,2,1,0,2,1,14,2,1,14,2,1,14,2,1,16,2,1,14,2,1,17,2,1,14,2,1,16,2,1,12,2,1,20,2,1,15,2,1,13,2,1,19,2,1,16,2,1,23,2,1,13,2,1,10,2,1,11,2,1,4,2,1,19,2,1,19,2,1,14,2,1,24,2,1,14,2,1,7,2,1,15,2,1,20,2,1,31,2,1,17,2,1,27,2,1,16,2,1,18,2,1,26,2,1,22,2,1,25,2,1,13,2,1,6,2,1,25,2,1,23,2,1,23,2,1,20,2,1,5,2,1,13,2,1,15,2,1,6,2,1,14,2,1,17,2,1,15,2,1,24,2,1,19,2,1,17,2,1,20,2,1,15,2,1,15,2,1,15,2,1,18,2,1,20,2,1,12,2,1,5,2,1,15,2,1,17,2,1,14,2,1,7,2,1,0
0,11,0,3,15,0,3,5,0,3,17,0,3,18,0,3,11,0,3,12,0,3,19,0,3,10,0,3,6,0,3,12,0,3,13,0,3,20,0,3,10,0,3,14,0,3,12,0,3,32,0,3,8,0,3,13,0,3,14,0,3,22,0,3,6,0,3,6,0,3,14,0,3,15,0,3,5,0,3,10,0,3,11,0,3,9,0,3,17,0,3,14,0,3,0,0,3,15,0,3,7,0,3,7,0,3,5,0,3,10,0,3,6,0,3,17,0,3,9,0,3,19,0,3,8,0,3,8,0,3,26,0,3,8,0,3,24,0,3,10,0,3,17,0,3,15,0,3,13,0,3,21,0,3,22,0,3,16,0,3,27,0,3,17,0,3,15,0,3,23,0,3,22,0,3,34,0,3,18,0,3,30,0,3,15,0,3,19,0,3,26,0,3,21,0,3,27,0,3,14,0,3,13,0,3,27,0,3,23,0,3,23,0,3,23,0,3,13,0,3,21,0,3,16,0,3,13,0,3,21,0,3,19,0,3,16,0,3,27,0,3,17,0,3,17,0,3,22,0,3,13,0,3,13,0,3,15,0,3,21,0,3,20,0,3,16,0,3,14,0,3,17,0,3,16,0,3,13,0,3,15,0,3,0
0,13,2,1,15,2,1,14,2,1,14,2,1,15,2,1,13,2,1,14,2,1,19,2,1,13,2,1,15,2,1,15,2,1,14,2,1,19,2,1,13,2,1,16,2,1,13,2,1,30,2,1,14,2,1,13,2,1,12,2,1,20,2,1,16,2,1,13,2,1,13,2,1,14,2,1,14,2,1,12,2,1,13,2,1,12,2,1,18,2,1,14,2,1,15,2,1,0,2,1,11,2,1,13,2,1,12,2,1,14,2,1,14,2,1,13,2,1,12,2,1,17,2,1,12,2,1,13,2,1,24,2,1,15,2,1,15,2,1,14,2,1,15,2,1,16,2,1,13,2,1,13,2,1,13,2,1,8,2,1,20,2,1,17,2,1,15,2,1,21,2,1,14,2,1,26,2,1,11,2,1,23,2,1,16,2,1,12,2,1,21,2,1,18,2,1,18,2,1,17,2,1,14,2,1,18,2,1,16,2,1,16,2,1,15,2,1,14,2,1,20,2,1,8,2,1,14,2,1,20,2,1,12,2,1,8,2,1,20,2,1,15,2,1,16,2,1,12,2,1,16,2,1,15,2,1,17,2,1,14,2,1,15,2,1,17,2,1,14,2,1,9,2,1,12,2,1,13,2,1,14,2,1,0
0,10,2,5,14,2,5,7,2,5,18,2,5,19,2,5,8,2,5,13,2,5,20,2,5,11,2,5,7,2,5,11,2,5,11,2,5,22,2,5,8,2,5,13,2,5,12,2,5,33,2,5,8,2,5,15,2,5,14,2,5,23,2,5,6,2,5,5,2,5,16,2,5,17,2,5,6,2,5,12,2,5,12,2,5,12,2,5,18,2,5,14,2,5,7,2,5,11,2,5,0,2,5,6,2,5,4,2,5,9,2,5,5,2,5,15,2,5,8,2,5,21,2,5,9,2,5,7,2,5,26,2,5,9,2,5,24,2,5,10,2,5,18,2,5,14,2,5,12,2,5,19,2,5,20,2,5,14,2,5,26,2,5,17,2,5,15,2,5,23,2,5,20,2,5,32,2,5,17,2,5,29,2,5,16,2,5,18,2,5,25,2,5,22,2,5,26,2,5,15,2,5,13,2,5,27,2,5,23,2,5,23,2,5,22,2,5,12,2,5,20,2,5,14,2,5,12,2,5,20,2,5,19,2,5,14,2,5,26,2,5,17,2,5,17,2,5,21,2,5,15,2,5,15,2,5,17,2,5,21,2,5,19,2,5,15,2,5,14,2,5,15,2,5,18,2,5,13,2,5,15,2,5,0
0,12,0,5,14,0,5,8,0,5,16,0,5,16,0,5,8,0,5,12,0,5,18,0,5,9,0,5,6,0,5,13,0,5,13,0,5,20,0,5,9,0,5,15,0,5,12,0,5,32,0,5,10,0,5,17,0,5,14,0,5,22,0,5,7,0,5,8,0,5,16,0,5,14,0,5,7,0,5,13,0,5,9,0,5,13,0,5,16,0,5,16,0,5,7,0,5,13,0,5,6,0,5,0,0,5,6,0,5,8,0,5,6,0,5,14,0,5,8,0,5,19,0,5,5,0,5,9,0,5,27,0,5,7,0,5,25,0,5,8,0,5,17,0,5,13,0,5,13,0,5,20,0,5,20,0,5,15,0,5,27,0,5,17,0,5,17,0,5,23,0,5,22,0,5,33,0,5,19,0,5,30,0,5,14,0,5,19,0,5,26,0,5,21,0,5,27,0,5,14,0,5,15,0,5,28,0,5,25,0,5,24,0,5,24,0,5,14,0,5,21,0,5,16,0,5,14,0,5,21,0,5,21,0,5,16,0,5,27,0,5,17,0,5,16,0,5,22,0,5,13,0,5,13,0,5,16,0,5,22,0,5,20,0,5,14,0,5,15,0,5,17,0,5,20,0,5,15,0,5,16,0,5,0
0,9,1,0,15,1,0,6,1,0,18,1,0,19,1,0,10,1,0,13,1,0,19,1,0,9,1,0,7,1,0,13,1,0,13,1,0,21,1,0,9,1,0,15,1,0,13,1,0,33,1,0,9,1,0,15,1,0,15,1,0,23,1,0,5,1,0,7,1,0,16,1,0,17,1,0,6,1,0,12,1,0,12,1,0,13,1,0,18,1,0,14,1,0,5,1,0,12,1,0,4,1,0,6,1,0,0,1,0,8,1,0,5,1,0,16,1,0,9,1,0,19,1,0,10,1,0,8,1,0,25,1,0,9,1,0,25,1,0,10,1,0,18,1,0,13,1,0,12,1,0,20,1,0,21,1,0,15,1,0,27,1,0,17,1,0,15,1,0,22,1,0,21,1,0,33,1,0,18,1,0,30,1,0,16,1,0,19,1,0,26,1,0,22,1,0,27,1,0,14,1,0,13,1,0,27,1,0,24,1,0,24,1,0,23,1,0,12,1,0,19,1,0,15,1,0,12,1,0,19,1,0,20,1,0,15,1,0,27,1,0,17,1,0,17,1,0,22,1,0,14,1,0,15,1,0,17,1,0,22,1,0,20,1,0,14,1,0,13,1,0,16,1,0,19,1,0,15,1,0,15,1,0,0
0,11,1,0,14,1,0,10,1,0,18,1,0,19,1,0,10,1,0,12,1,0,19,1,0,10,1,0,9,1,0,13,1,0,13,1,0,20,1,0,10,1,0,15,1,0,13,1,0,33,1,0,10,1,0,14,1,0,16,1,0,22,1,0,10,1,0,10,1,0,17,1,0,18,1,0,9,1,0,14,1,0,13,1,0,13,1,0,17,1,0,17,1,0,10,1,0,14,1,0,9,1,0,8,1,0,8,1,0,0,1,0,8,1,0,14,1,0,9,1,0,19,1,0,9,1,0,10,1,0,26,1,0,9,1,0,25,1,0,9,1,0,19,1,0,14,1,0,15,1,0,20,1,0,23,1,0,16,1,0,27,1,0,17,1,0,18,1,0,23,1,0,23,1,0,34,1,0,19,1,0,30,1,0,13,1,0,18,1,0,24,1,0,21,1,0,27,1,0,15,1,0,16,1,0,28,1,0,25,1,0,23,1,0,24,1,0,15,1,0,21,1,0,16,1,0,15,1,0,21,1,0,21,1,0,16,1,0,27,1,0,17,1,0,16,1,0,22,1,0,14,1,0,12,1,0,17,1,0,23,1,0,20,1,0,15,1,0,16,1,0,17,1,0,20,1,0,15,1,0,17,1,0,0
0,11,0,5,14,0,5,5,0,5,17,0,5,19,0,5,9,0,5,12,0,5,21,0,5,10,0,5,7,0,5,13,0,5,13,0,5,22,0,5,10,0,5,15,0,5,12,0,5,34,0,5,9,0,5,16,0,5,15,0,5,23,0,5,4,0,5,6,0,5,15,0,5,16,0,5,6,0,5,11,0,5,11,0,5,11,0,5,18,0,5,14,0,5,6,0,5,14,0,5,5,0,5,6,0,5,5,0,5,8,0,5,0,0,5,14,0,5,6,0,5,19,0,5,7,0,5,8,0,5,27,0,5,8,0,5,26,0,5,10,0,5,18,0,5,14,0,5,12,0,5,20,0,5,21,0,5,15,0,5,27,0,5,17,0,5,16,0,5,24,0,5,23,0,5,35,0,5,19,0,5,31,0,5,16,0,5,20,0,5,27,0,5,22,0,5,27,0,5,16,0,5,14,0,5,29,0,5,25,0,5,25,0,5,24,0,5,13,0,5,21,0,5,16,0,5,13,0,5,21,0,5,21,0,5,16,0,5,28,0,5,18,0,5,17,0,5,22,0,5,15,0,5,15,0,5,18,0,5,23,0,5,21,0,5,16,0,5,14,0,5,17,0,5,20,0,5,14,0,5,16,0,5,0
0,16,6,1,14,6,1,16,6,1,16,6,1,18,6,1,11,6,1,13,6,1,19,6,1,14,6,1,15,6,1,15,6,1,15,6,1,19,6,1,17,6,1,17,6,1,10,6,1,31,6,1,17,6,1,17,6,1,10,6,1,20,6,1,18,6,1,16,6,1,14,6,1,17,6,1,16,6,1,15,6,1,16,6,1,10,6,1,18,6,1,16,6,1,17,6,1,13,6,1,15,6,1,14,6,1,16,6,1,14,6,1,14,6,1,0,6,1,10,6,1,16,6,1,12,6,1,15,6,1,25,6,1,16,6,1,21,6,1,14,6,1,17,6,1,15,6,1,15,6,1,17,6,1,18,6,1,12,6,1,23,6,1,18,6,1,16,6,1,23,6,1,21,6,1,32,6,1,17,6,1,28,6,1,15,6,1,18,6,1,23,6,1,19,6,1,23,6,1,17,6,1,16,6,1,25,6,1,22,6,1,22,6,1,22,6,1,16,6,1,22,6,1,14,6,1,15,6,1,22,6,1,19,6,1,14,6,1,25,6,1,18,6,1,17,6,1,20,6,1,17,6,1,15,6,1,17,6,1,20,6,1,20,6,1,17,6,1,16,6,1,16,6,1,17,6,1,10,6,1,15,6,1,0
0,12,1,0,14,1,0,8,1,0,16,1,0,17,1,0,8,1,0,11,1,0,20,1,0,10,1,0,9,1,0,12,1,0,12,1,0,21,1,0,10,1,0,15,1,0,10,1,0,33,1,0,9,1,0,17,1,0,12,1,0,22,1,0,10,1,0,8,1,0,10,1,0,15,1,0,9,1,0,9,1,0,12,1,0,11,1,0,18,1,0,12,1,0,9,1,0,12,1,0,8,1,0,8,1,0,9,1,0,9,1,0,6,1,0,10,1,0,0,1,0,17,1,0,7,1,0,8,1,0,25,1,0,9,1,0,23,1,0,10,1,0,16,1,0,13,1,0,9,1,0,19,1,0,19,1,0,14,1,0,26,1,0,15,1,0,14,1,0,22,1,0,22,1,0,34,1,0,18,1,0,30,1,0,15,1,0,19,1,0,26,1,0,21,1,0,26,1,0,16,1,0,12,1,0,27,1,0,24,1,0,24,1,0,23,1,0,11,1,0,19,1,0,15,1,0,11,1,0,19,1,0,20,1,0,15,1,0,27,1,0,17,1,0,17,1,0,21,1,0,14,1,0,14,1,0,17,1,0,22,1,0,21,1,0,16,1,0,12,1,0,16,1,0,19,1,0,11,1,0,13,1,0,0
0,17,0,6,22,0,6,20,0,6,17,0,6,15,0,6,20,0,6,18,0,6,21,0,6,16,0,6,19,0,6,17,0,6,19,0,6,21,0,6,21,0,6,20,0,6,18,0,6,29,0,6,19,0,6,18,0,6,14,0,6,22,0,6,23,0,6,20,0,6,11,0,6,9,0,6,18,0,6,17,0,6,16,0,6,19,0,6,20,0,6,20,0,6,19,0,6,17,0,6,21,0,6,19,0,6,19,0,6,19,0,6,19,0,6,16,0,6,17,0,6,0,0,6,15,0,6,19,0,6,25,0,6,20,0,6,22,0,6,19,0,6,16,0,6,20,0,6,19,0,6,18,0,6,17,0,6,18,0,6,22,0,6,20,0,6,20,0,6,22,0,6,22,0,6,30,0,6,20,0,6,26,0,6,19,0,6,19,0,6,25,0,6,20,0,6,24,0,6,19,0,6,19,0,6,26,0,6,22,0,6,23,0,6,22,0,6,20,0,6,21,0,6,20,0,6,19,0,6,21,0,6,20,0,6,19,0,6,24,0,6,19,0,6,21,0,6,21,0,6,19,0,6,19,0,6,17,0,6,21,0,6,20,0,6,20,0,6,20,0,6,20,0,6,20,0,6,20,0,6,19,0,6,0
0,12,2,1,14,2,1,9,2,1,17,2,1,13,2,1,11,2,1,11,2,1,19,2,1,9,2,1,10,2,1,13,2,1,13,2,1,19,2,1,9,2,1,15,2,1,13,2,1,31,2,1,10,2,1,16,2,1,15,2,1,20,2,1,11,2,1,9,2,1,15,2,1,10,2,1,8,2,1,12,2,1,6,2,1,13,2,1,17,2,1,15,2,1,8,2,1,12,2,1,9,2,1,5,2,1,10,2,1,9,2,1,7,2,1,12,2,1,7,2,1,15,2,1,0,2,1,11,2,1,25,2,1,9,2,1,22,2,1,10,2,1,18,2,1,12,2,1,12,2,1,18,2,1,20,2,1,13,2,1,24,2,1,16,2,1,17,2,1,22,2,1,22,2,1,32,2,1,18,2,1,28,2,1,14,2,1,19,2,1,25,2,1,20,2,1,26,2,1,15,2,1,15,2,1,26,2,1,23,2,1,23,2,1,23,2,1,14,2,1,20,2,1,15,2,1,14,2,1,20,2,1,19,2,1,15,2,1,25,2,1,16,2,1,16,2,1,21,2,1,13,2,1,13,2,1,16,2,1,21,2,1,19,2,1,15,2,1,15,2,1,16,2,1,18,2,1,13,2,1,16,2,1,0
0,11,1,0,14,1,0,8,1,0,15,1,0,16,1,0,10,1,0,12,1,0,19,1,0,10,1,0,7,1,0,5,1,0,5,1,0,20,1,0,10,1,0,13,1,0,12,1,0,29,1,0,7,1,0,15,1,0,13,1,0,21,1,0,9,1,0,7,1,0,13,1,0,14,1,0,8,1,0,11,1,0,12,1,0,12,1,0,18,1,0,13,1,0,8,1,0,13,1,0,7,1,0,9,1,0,8,1,0,10,1,0,8,1,0,15,1,0,8,1,0,19,1,0,11,1,0,0,1,0,24,1,0,9,1,0,23,1,0,9,1,0,14,1,0,13,1,0,11,1,0,18,1,0,18,1,0,13,1,0,25,1,0,16,1,0,14,1,0,22,1,0,20,1,0,32,1,0,16,1,0,28,1,0,15,1,0,18,1,0,25,1,0,21,1,0,24,1,0,15,1,0,13,1,0,26,1,0,23,1,0,23,1,0,22,1,0,11,1,0,18,1,0,13,1,0,12,1,0,19,1,0,18,1,0,14,1,0,26,1,0,18,1,0,17,1,0,20,1,0,14,1,0,14,1,0,16,1,0,20,1,0,21,1,0,16,1,0,14,1,0,16,1,0,17,1,0,14,1,0,14,1,0,0
0,25,1,0,24,1,0,28,1,0,24,1,0,24,1,0,24,1,0,25,1,0,26,1,0,25,1,0,25,1,0,24,1,0,23,1,0,26,1,0,26,1,0,25,1,0,23,1,0,31,1,0,25,1,0,25,1,0,23,1,0,26,1,0,28,1,0,26,1,0,24,1,0,23,1,0,25,1,0,20,1,0,22,1,0,24,1,0,24,1,0,19,1,0,26,1,0,24,1,0,26,1,0,27,1,0,25,1,0,26,1,0,27,1,0,25,1,0,25,1,0,25,1,0,25,1,0,24,1,0,0,1,0,24,1,0,24,1,0,24,1,0,23,1,0,21,1,0,18,1,0,24,1,0,25,1,0,22,1,0,25,1,0,13,1,0,18,1,0,20,1,0,25,1,0,30,1,0,23,1,0,27,1,0,25,1,0,25,1,0,28,1,0,26,1,0,27,1,0,21,1,0,18,1,0,25,1,0,25,1,0,25,1,0,25,1,0,18,1,0,12,1,0,22,1,0,18,1,0,12,1,0,24,1,0,21,1,0,24,1,0,26,1,0,25,1,0,25,1,0,25,1,0,25,1,0,25,1,0,25,1,0,26,1,0,22,1,0,19,1,0,24,1,0,24,1,0,25,1,0,12,1,0,0
0,12,6,0,15,6,0,9,6,0,17,6,0,18,6,0,10,6,0,11,6,0,19,6,0,9,6,0,8,6,0,12,6,0,12,6,0,20,6,0,9,6,0,15,6,0,12,6,0,31,6,0,10,6,0,17,6,0,14,6,0,22,6,0,9,6,0,9,6,0,16,6,0,17,6,0,7,6,0,13,6,0,12,6,0,13,6,0,18,6,0,16,6,0,8,6,0,15,6,0,9,6,0,7,6,0,9,6,0,9,6,0,8,6,0,16,6,0,9,6,0,20,6,0,9,6,0,9,6,0,24,6,0,0,6,0,23,6,0,10,6,0,18,6,0,14,6,0,13,6,0,18,6,0,21,6,0,14,6,0,26,6,0,18,6,0,17,6,0,24,6,0,21,6,0,33,6,0,17,6,0,29,6,0,15,6,0,17,6,0,27,6,0,21,6,0,25,6,0,16,6,0,15,6,0,26,6,0,23,6,0,22,6,0,21,6,0,14,6,0,22,6,0,15,6,0,14,6,0,22,6,0,19,6,0,15,6,0,27,6,0,18,6,0,17,6,0,20,6,0,15,6,0,14,6,0,16,6,0,20,6,0,22,6,0,17,6,0,16,6,0,16,6,0,18,6,0,14,6,0,13,6,0,0
500,21,0,1,22,0,1,25,0,1,18,0,1,19,0,1,23,0,1,21,0,1,22,0,1,22,0,1,25,0,1,22,0,1,22,0,1,23,0,1,24,0,1,21,0,1,20,0,1,30,0,1,21,0,1,22,0,1,18,0,1,24,0,1,28,0,1,24,0,1,21,0,1,22,0,1,24,0,1,21,0,1,21,0,1,19,0,1,24,0,1,23,0,1,24,0,1,15,0,1,24,0,1,25,0,1,25,0,1,25,0,1,26,0,1,21,0,1,23,0,1,22,0,1,22,0,1,23,0,1,24,0,1,23,0,1,0,0,1,23,0,1,21,0,1,23,0,1,22,0,1,11,0,1,16,0,1,12,0,1,23,0,1,20,0,1,21,0,1,25,0,1,12,0,1,24,0,1,11,0,1,23,0,1,23,0,1,14,0,1,22,0,1,24,0,1,13,0,1,23,0,1,21,0,1,14,0,1,12,0,1,13,0,1,13,0,1,21,0,1,22,0,1,11,0,1,22,0,1,22,0,1,12,0,1,12,0,1,24,0,1,21,0,1,23,0,1,13,0,1,22,0,1,23,0,1,24,0,1,13,0,1,21,0,1,24,0,1,23,0,1,13,0,1,10,0,1,20,0,1,21,0,1,0
500,7,10,5,12,10,5,9,10,5,15,10,5,16,10,5,10,10,5,12,10,5,13,10,5,9,10,5,8,10,5,11,10,5,11,10,5,15,10,5,10,10,5,14,10,5,13,10,5,28,10,5,11,10,5,17,10,5,15,10,5,17,10,5,11,10,5,11,10,5,16,10,5,17,10,5,10,10,5,12,10,5,12,10,5,13,10,5,11,10,5,13,10,5,10,10,5,14,10,5,10,10,5,8,10,5,10,10,5,9,10,5,10,10,5,14,10,5,10,10,5,19,10,5,10,10,5,9,10,5,24,10,5,10,10,5,23,10,5,0,10,5,13,10,5,8,10,5,12,10,5,20,10,5,20,10,5,15,10,5,22,10,5,17,10,5,15,10,5,18,10,5,22,10,5,29,10,5,18,10,5,25,10,5,9,10,5,18,10,5,21,10,5,16,10,5,25,10,5,9,10,5,13,10,5,26,10,5,24,10,5,23,10,5,23,10,5,12,10,5,20,10,5,15,10,5,12,10,5,20,10,5,19,10,5,15,10,5,22,10,5,11,10,5,10,10,5,20,10,5,8,10,5,7,10,5,11,10,5,22,10,5,15,10,5,9,10,5,14,10,5,16,10,5,19,10,5,15,10,5,14,10,5,1
500,14,8,11,14,8,11,18,8,11,11,8,11,14,8,11,16,8,11,18,8,11,20,8,11,17,8,11,18,8,11,15,8,11,15,8,11,20,8,11,18,8,11,16,8,11,15,8,11,30,8,11,16,8,11,15,8,11,13,8,11,22,8,11,19,8,11,18,8,11,11,8,11,15,8,11,17,8,11,10,8,11,17,8,11,16,8,11,18,8,11,10,8,11,17,8,11,15,8,11,18,8,11,17,8,11,18,8,11,19,8,11,18,8,11,17,8,11,16,8,11,16,8,11,18,8,11,14,8,11,23,8,11,18,8,11,21,8,11,13,8,11,0,8,11,17,8,11,11,8,11,18,8,11,11,8,11,15,8,11,27,8,11,19,8,11,11,8,11,19,8,11,20,8,11,32,8,11,17,8,11,29,8,11,17,8,11,18,8,11,27,8,11,21,8,11,24,8,11,18,8,11,11,8,11,25,8,11,20,8,11,20,8,11,20,8,11,10,8,11,18,8,11,15,8,11,12,8,11,20,8,11,18,8,11,15,8,11,27,8,11,18,8,11,18,8,11,19,8,11,18,8,11,18,8,11,16,8,11,20,8,11,21,8,11,18,8,11,12,8,11,16,8,11,17,8,11,17,8,11,11,8,11,1
500,14,3,0,15,3,0,15,3,0,17,3,0,18,3,0,12,3,0,14,3,0,12,3,0,13,3,0,13,3,0,14,3,0,13,3,0,13,3,0,14,3,0,13,3,0,14,3,0,24,3,0,15,3,0,16,3,0,15,3,0,13,3,0,16,3,0,15,3,0,16,3,0,16,3,0,14,3,0,13,3,0,12,3,0,14,3,0,11,3,0,11,3,0,15,3,0,16,3,0,14,3,0,13,3,0,13,3,0,14,3,0,14,3,0,15,3,0,13,3,0,20,3,0,12,3,0,13,3,0,21,3,0,14,3,0,23,3,0,8,3,0,17,3,0,0,3,0,7,3,0,16,3,0,18,3,0,12,3,0,14,3,0,17,3,0,13,3,0,13,3,0,20,3,0,23,3,0,17,3,0,19,3,0,8,3,0,18,3,0,20,3,0,15,3,0,25,3,0,5,3,0,12,3,0,26,3,0,24,3,0,23,3,0,22,3,0,10,3,0,16,3,0,15,3,0,11,3,0,17,3,0,19,3,0,16,3,0,17,3,0,11,3,0,10,3,0,21,3,0,8,3,0,8,3,0,9,3,0,19,3,0,15,3,0,6,3,0,13,3,0,18,3,0,18,3,0,14,3,0,13,3,0,1
500,13,9,5,14,9,5,14,9,5,15,9,5,18,9,5,11,9,5,14,9,5,18,9,5,13,9,5,13,9,5,13,9,5,12,9,5,19,9,5,13,9,5,14,9,5,13,9,5,31,9,5,13,9,5,15,9,5,13,9,5,19,9,5,15,9,5,13,9,5,13,9,5,17,9,5,12,9,5,6,9,5,13,9,5,13,9,5,18,9,5,4,9,5,13,9,5,13,9,5,12,9,5,13,9,5,12,9,5,15,9,5,12,9,5,15,9,5,9,9,5,19,9,5,12,9,5,11,9,5,18,9,5,13,9,5,22,9,5,12,9,5,11,9,5,7,9,5,0,9,5,15,9,5,16,9,5,10,9,5,21,9,5,12,9,5,6,9,5,14,9,5,19,9,5,30,9,5,16,9,5,26,9,5,15,9,5,17,9,5,26,9,5,21,9,5,24,9,5,12,9,5,5,9,5,25,9,5,23,9,5,22,9,5,21,9,5,3,9,5,11,9,5,13,9,5,4,9,5,12,9,5,18,9,5,14,9,5,24,9,5,18,9,5,17,9,5,20,9,5,15,9,5,14,9,5,15,9,5,18,9,5,21,9,5,13,9,5,6,9,5,16,9,5,17,9,5,13,9,5,6,9,5,1
500,19,6,4,18,6,4,22,6,4,18,6,4,19,6,4,17,6,4,20,6,4,19,6,4,18,6,4,20,6,4,17,6,4,18,6,4,20,6,4,19,6,4,17,6,4,17,6,4,28,6,4,15,6,4,18,6,4,16,6,4,20,6,4,23,6,4,20,6,4,16,6,4,17,6,4,19,6,4,17,6,4,17,6,4,17,6,4,21,6,4,19,6,4,21,6,4,13,6,4,19,6,4,20,6,4,20,6,4,20,6,4,20,6,4,17,6,4,19,6,4,18,6,4,18,6,4,18,6,4,24,6,4,18,6,4,11,6,4,20,6,4,18,6,4,16,6,4,15,6,4,0,6,4,8,6,4,5,6,4,17,6,4,19,6,4,17,6,4,21,6,4,8,6,4,20,6,4,7,6,4,19,6,4,19,6,4,10,6,4,22,6,4,18,6,4,14,6,4,16,6,4,14,6,4,15,6,4,12,6,4,12,6,4,11,6,4,16,6,4,19,6,4,6,6,4,18,6,4,20,6,4,8,6,4,8,6,4,20,6,4,20,6,4,20,6,4,10,6,4,20,6,4,20,6,4,19,6,4,8,6,4,19,6,4,20,6,4,18,6,4,9,6,4,8,6,4,19,6,4,16,6,4,1
500,21,2,2,20,2,2,23,2,2,15,2,2,16,2,2,18,2,2,20,2,2,21,2,2,20,2,2,20,2,2,18,2,2,18,2,2,22,2,2,20,2,2,20,2,2,17,2,2,28,2,2,18,2,2,18,2,2,15,2,2,21,2,2,23,2,2,21,2,2,16,2,2,16,2,2,20,2,2,17,2,2,18,2,2,17,2,2,22,2,2,19,2,2,22,2,2,13,2,2,20,2,2,20,2,2,21,2,2,23,2,2,21,2,2,18,2,2,19,2,2,17,2,2,20,2,2,18,2,2,25,2,2,21,2,2,16,2,2,20,2,2,11,2,2,18,2,2,16,2,2,8,2,2,0,2,2,9,2,2,21,2,2,19,2,2,18,2,2,22,2,2,13,2,2,25,2,2,11,2,2,23,2,2,21,2,2,14,2,2,25,2,2,22,2,2,17,2,2,21,2,2,19,2,2,19,2,2,15,2,2,15,2,2,14,2,2,18,2,2,21,2,2,11,2,2,19,2,2,22,2,2,12,2,2,12,2,2,24,2,2,22,2,2,22,2,2,14,2,2,21,2,2,22,2,2,18,2,2,12,2,2,20,2,2,22,2,2,19,2,2,13,2,2,12,2,2,20,2,2,18,2,2,0
500,15,6,5,16,6,5,17,6,5,15,6,5,16,6,5,12,6,5,16,6,5,19,6,5,13,6,5,15,6,5,15,6,5,14,6,5,19,6,5,14,6,5,16,6,5,13,6,5,29,6,5,14,6,5,14,6,5,12,6,5,19,6,5,18,6,5,15,6,5,15,6,5,16,6,5,14,6,5,12,6,5,13,6,5,14,6,5,18,6,5,14,6,5,16,6,5,8,6,5,14,6,5,15,6,5,15,6,5,16,6,5,15,6,5,12,6,5,14,6,5,18,6,5,13,6,5,13,6,5,22,6,5,14,6,5,12,6,5,15,6,5,15,6,5,12,6,5,10,6,5,5,6,5,9,6,5,0,6,5,12,6,5,17,6,5,14,6,5,20,6,5,10,6,5,22,6,5,6,6,5,18,6,5,17,6,5,9,6,5,21,6,5,19,6,5,15,6,5,17,6,5,14,6,5,16,6,5,13,6,5,12,6,5,12,6,5,13,6,5,18,6,5,3,6,5,14,6,5,19,6,5,9,6,5,4,6,5,16,6,5,16,6,5,18,6,5,10,6,5,16,6,5,17,6,5,15,6,5,9,6,5,16,6,5,18,6,5,15,6,5,6,6,5,7,6,5,15,6,5,12,6,5,0
500,26,1,0,27,1,0,27,1,0,26,1,0,24,1,0,24,1,0,23,1,0,18,1,0,25,1,0,27,1,0,26,1,0,26,1,0,18,1,0,26,1,0,23,1,0,25,1,0,23,1,0,25,1,0,25,1,0,23,1,0,17,1,0,30,1,0,27,1,0,25,1,0,23,1,0,26,1,0,24,1,0,23,1,0,25,1,0,20,1,0,24,1,0,27,1,0,20,1,0,26,1,0,27,1,0,27,1,0,27,1,0,27,1,0,23,1,0,26,1,0,22,1,0,24,1,0,25,1,0,25,1,0,26,1,0,23,1,0,22,1,0,27,1,0,14,1,0,21,1,0,17,1,0,21,1,0,12,1,0,0,1,0,25,1,0,22,1,0,18,1,0,22,1,0,10,1,0,18,1,0,6,1,0,20,1,0,21,1,0,13,1,0,19,1,0,27,1,0,16,1,0,23,1,0,26,1,0,25,1,0,24,1,0,24,1,0,22,1,0,24,1,0,15,1,0,23,1,0,25,1,0,21,1,0,16,1,0,4,1,0,18,1,0,18,1,0,22,1,0,18,1,0,19,1,0,17,1,0,21,1,0,12,1,0,16,1,0,23,1,0,18,1,0,19,1,0,25,1,0,21,1,0,1
500,17,1,0,18,1,0,17,1,0,19,1,0,20,1,0,16,1,0,16,1,0,20,1,0,17,1,0,17,1,0,16,1,0,16,1,0,22,1,0,16,1,0,17,1,0,17,1,0,29,1,0,14,1,0,18,1,0,18,1,0,23,1,0,18,1,0,16,1,0,18,1,0,18,1,0,17,1,0,14,1,0,15,1,0,17,1,0,20,1,0,14,1,0,17,1,0,17,1,0,17,1,0,17,1,0,17,1,0,17,1,0,17,1,0,18,1,0,15,1,0,20,1,0,16,1,0,16,1,0,13,1,0,18,1,0,20,1,0,17,1,0,19,1,0,17,1,0,12,1,0,19,1,0,19,1,0,17,1,0,25,1,0,0,1,0,15,1,0,15,1,0,21,1,0,31,1,0,18,1,0,28,1,0,18,1,0,19,1,0,25,1,0,22,1,0,25,1,0,17,1,0,13,1,0,25,1,0,22,1,0,23,1,0,22,1,0,12,1,0,4,1,0,16,1,0,12,1,0,4,1,0,20,1,0,17,1,0,25,1,0,18,1,0,18,1,0,20,1,0,17,1,0,17,1,0,19,1,0,22,1,0,21,1,0,19,1,0,14,1,0,18,1,0,18,1,0,16,1,0,15,1,0,1
500,15,2,2,16,2,2,17,2,2,15,2,2,18,2,2,14,2,2,17,2,2,18,2,2,15,2,2,16,2,2,14,2,2,14,2,2,18,2,2,16,2,2,15,2,2,15,2,2,25,2,2,13,2,2,16,2,2,15,2,2,20,2,2,18,2,2,16,2,2,14,2,2,18,2,2,15,2,2,9,2,2,16,2,2,13,2,2,18,2,2,7,2,2,15,2,2,15,2,2,15,2,2,17,2,2,15,2,2,18,2,2,16,2,2,16,2,2,14,2,2,20,2,2,17,2,2,14,2,2,18,2,2,17,2,2,21,2,2,15,2,2,11,2,2,13,2,2,6,2,2,17,2,2,18,2,2,14,2,2,22,2,2,15,2,2,0,2,2,8,2,2,13,2,2,25,2,2,10,2,2,21,2,2,15,2,2,16,2,2,24,2,2,18,2,2,21,2,2,11,2,2,4,2,2,23,2,2,19,2,2,19,2,2,18,2,2,4,2,2,12,2,2,13,2,2,6,2,2,14,2,2,18,2,2,14,2,2,22,2,2,17,2,2,18,2,2,21,2,2,14,2,2,15,2,2,15,2,2,18,2,2,20,2,2,14,2,2,7,2,2,16,2,2,14,2,2,16,2,2,6,2,2,1
500,22,2,0,24,2,0,24,2,0,22,2,0,21,2,0,22,2,0,21,2,0,17,2,0,22,2,0,23,2,0,21,2,0,21,2,0,16,2,0,24,2,0,22,2,0,23,2,0,17,2,0,21,2,0,22,2,0,22,2,0,17,2,0,26,2,0,24,2,0,22,2,0,21,2,0,23,2,0,17,2,0,20,2,0,21,2,0,16,2,0,15,2,0,23,2,0,21,2,0,23,2,0,23,2,0,22,2,0,23,2,0,24,2,0,23,2,0,22,2,0,22,2,0,22,2,0,22,2,0,20,2,0,24,2,0,25,2,0,18,2,0,19,2,0,13,2,0,14,2,0,21,2,0,22,2,0,20,2,0,18,2,0,15,2,0,8,2,0,0,2,0,17,2,0,17,2,0,14,2,0,14,2,0,16,2,0,21,2,0,17,2,0,14,2,0,24,2,0,11,2,0,12,2,0,23,2,0,23,2,0,23,2,0,22,2,0,12,2,0,12,2,0,18,2,0,14,2,0,14,2,0,22,2,0,20,2,0,18,2,0,16,2,0,17,2,0,25,2,0,15,2,0,16,2,0,16,2,0,22,2,0,14,2,0,14,2,0,15,2,0,21,2,0,18,2,0,22,2,0,14,2,0,1
500,22,13,14,21,13,14,24,13,14,19,13,14,20,13,14,19,13,14,22,13,14,20,13,14,20,13,14,23,13,14,19,13,14,20,13,14,20,13,14,21,13,14,19,13,14,20,13,14,23,13,14,19,13,14,20,13,14,17,13,14,22,13,14,24,13,14,22,13,14,19,13,14,20,13,14,22,13,14,20,13,14,20,13,14,18,13,14,21,13,14,20,13,14,22,13,14,14,13,14,20,13,14,22,13,14,21,13,14,23,13,14,23,13,14,21,13,14,22,13,14,22,13,14,22,13,14,20,13,14,25,13,14,21,13,14,12,13,14,22,13,14,20,13,14,20,13,14,19,13,14,8,13,14,13,13,14,10,13,14,22,13,14,21,13,14,13,13,14,17,13,14,0,13,14,12,13,14,4,13,14,16,13,14,20,13,14,11,13,14,22,13,14,21,13,14,12,13,14,18,13,14,17,13,14,14,13,14,9,13,14,9,13,14,9,13,14,17,13,14,21,13,14,8,13,14,19,13,14,21,13,14,10,13,14,10,13,14,22,13,14,21,13,14,22,13,14,11,13,14,19,13,14,20,13,14,20,13,14,9,13,14,20,13,14,20,13,14,18,13,14,8,13,14,8,13,14,21,13,14,19,13,14,1
500,33,1,0,33,1,0,34,1,0,31,1,0,30,1,0,31,1,0,30,1,0,23,1,0,32,1,0,34,1,0,31,1,0,32,1,0,23,1,0,33,1,0,29,1,0,32,1,0,19,1,0,30,1,0,31,1,0,29,1,0,24,1,0,36,1,0,34,1,0,31,1,0,30,1,0,34,1,0,32,1,0,31,1,0,30,1,0,24,1,0,31,1,0,34,1,0,26,1,0,32,1,0,33,1,0,33,1,0,34,1,0,35,1,0,32,1,0,34,1,0,30,1,0,32,1,0,32,1,0,30,1,0,33,1,0,24,1,0,29,1,0,32,1,0,23,1,0,30,1,0,20,1,0,25,1,0,22,1,0,10,1,0,31,1,0,25,1,0,17,1,0,12,1,0,0,1,0,16,1,0,4,1,0,25,1,0,23,1,0,18,1,0,22,1,0,24,1,0,21,1,0,28,1,0,26,1,0,21,1,0,21,1,0,21,1,0,29,1,0,28,1,0,20,1,0,30,1,0,30,1,0,22,1,0,22,1,0,10,1,0,24,1,0,25,1,0,23,1,0,24,1,0,25,1,0,25,1,0,21,1,0,16,1,0,22,1,0,29,1,0,20,1,0,20,1,0,31,1,0,28,1,0,1
500,18,4,3,18,4,3,20,4,3,16,4,3,17,4,3,16,4,3,19,4,3,19,4,3,16,4,3,19,4,3,16,4,3,16,4,3,19,4,3,17,4,3,16,4,3,16,4,3,23,4,3,15,4,3,17,4,3,15,4,3,21,4,3,21,4,3,18,4,3,16,4,3,17,4,3,18,4,3,16,4,3,17,4,3,14,4,3,19,4,3,17,4,3,18,4,3,11,4,3,17,4,3,19,4,3,18,4,3,19,4,3,19,4,3,17,4,3,18,4,3,20,4,3,18,4,3,16,4,3,23,4,3,17,4,3,11,4,3,18,4,3,17,4,3,17,4,3,16,4,3,7,4,3,11,4,3,6,4,3,18,4,3,18,4,3,10,4,3,14,4,3,4,4,3,16,4,3,0,4,3,12,4,3,18,4,3,8,4,3,22,4,3,18,4,3,12,4,3,16,4,3,14,4,3,13,4,3,9,4,3,9,4,3,9,4,3,14,4,3,19,4,3,4,4,3,16,4,3,20,4,3,8,4,3,6,4,3,18,4,3,19,4,3,19,4,3,11,4,3,17,4,3,17,4,3,18,4,3,9,4,3,17,4,3,19,4,3,16,4,3,7,4,3,4,4,3,18,4,3,15,4,3,1
500,29,3,0,30,3,0,30,3,0,27,3,0,26,3,0,28,3,0,26,3,0,20,3,0,28,3,0,30,3,0,27,3,0,28,3,0,19,3,0,29,3,0,26,3,0,28,3,0,17,3,0,26,3,0,28,3,0,26,3,0,20,3,0,33,3,0,30,3,0,28,3,0,26,3,0,30,3,0,28,3,0,27,3,0,26,3,0,22,3,0,27,3,0,30,3,0,23,3,0,29,3,0,30,3,0,30,3,0,30,3,0,31,3,0,28,3,0,30,3,0,26,3,0,28,3,0,28,3,0,27,3,0,29,3,0,23,3,0,25,3,0,29,3,0,19,3,0,26,3,0,19,3,0,23,3,0,18,3,0,6,3,0,28,3,0,21,3,0,14,3,0,16,3,0,4,3,0,12,3,0,0,3,0,21,3,0,20,3,0,14,3,0,18,3,0,24,3,0,17,3,0,24,3,0,25,3,0,21,3,0,21,3,0,21,3,0,25,3,0,25,3,0,16,3,0,26,3,0,27,3,0,20,3,0,18,3,0,6,3,0,21,3,0,21,3,0,23,3,0,20,3,0,21,3,0,21,3,0,21,3,0,13,3,0,18,3,0,25,3,0,19,3,0,16,3,0,28,3,0,24,3,0,1
500,15,3,0,16,3,0,16,3,0,17,3,0,17,3,0,15,3,0,15,3,0,11,3,0,13,3,0,14,3,0,13,3,0,15,3,0,13,3,0,16,3,0,15,3,0,15,3,0,22,3,0,14,3,0,16,3,0,15,3,0,15,3,0,17,3,0,17,3,0,15,3,0,15,3,0,16,3,0,15,3,0,15,3,0,15,3,0,10,3,0,16,3,0,15,3,0,16,3,0,16,3,0,14,3,0,16,3,0,13,3,0,16,3,0,15,3,0,15,3,0,19,3,0,14,3,0,15,3,0,25,3,0,15,3,0,23,3,0,9,3,0,17,3,0,8,3,0,15,3,0,19,3,0,21,3,0,17,3,0,20,3,0,18,3,0,15,3,0,16,3,0,20,3,0,25,3,0,18,3,0,21,3,0,0,3,0,10,3,0,15,3,0,10,3,0,20,3,0,6,3,0,13,3,0,23,3,0,20,3,0,20,3,0,20,3,0,16,3,0,21,3,0,17,3,0,15,3,0,21,3,0,19,3,0,17,3,0,20,3,0,10,3,0,11,3,0,21,3,0,9,3,0,7,3,0,11,3,0,22,3,0,14,3,0,9,3,0,15,3,0,18,3,0,19,3,0,15,3,0,16,3,0,1
500,19,8,8,18,8,8,21,8,8,16,8,8,18,8,8,18,8,8,19,8,8,17,8,8,16,8,8,19,8,8,16,8,8,18,8,8,19,8,8,19,8,8,17,8,8,17,8,8,26,8,8,15,8,8,16,8,8,15,8,8,21,8,8,22,8,8,19,8,8,15,8,8,17,8,8,18,8,8,17,8,8,18,8,8,17,8,8,19,8,8,18,8,8,19,8,8,12,8,8,18,8,8,19,8,8,19,8,8,18,8,8,20,8,8,18,8,8,19,8,8,19,8,8,19,8,8,18,8,8,25,8,8,17,8,8,14,8,8,18,8,8,18,8,8,18,8,8,17,8,8,10,8,8,14,8,8,9,8,8,21,8,8,19,8,8,16,8,8,21,8,8,11,8,8,23,8,8,8,8,8,20,8,8,10,8,8,0,8,8,21,8,8,18,8,8,11,8,8,16,8,8,15,8,8,13,8,8,10,8,8,10,8,8,10,8,8,18,8,8,21,8,8,10,8,8,16,8,8,21,8,8,9,8,8,8,8,8,20,8,8,19,8,8,20,8,8,12,8,8,19,8,8,17,8,8,19,8,8,12,8,8,21,8,8,18,8,8,17,8,8,9,8,8,10,8,8,19,8,8,16,8,8,1
500,23,5,0,26,5,0,26,5,0,25,5,0,25,5,0,24,5,0,23,5,0,17,5,0,23,5,0,26,5,0,24,5,0,25,5,0,17,5,0,25,5,0,22,5,0,25,5,0,23,5,0,21,5,0,23,5,0,23,5,0,17,5,0,29,5,0,26,5,0,24,5,0,22,5,0,27,5,0,25,5,0,24,5,0,25,5,0,19,5,0,26,5,0,26,5,0,21,5,0,25,5,0,26,5,0,26,5,0,24,5,0,27,5,0,23,5,0,26,5,0,25,5,0,25,5,0,25,5,0,28,5,0,27,5,0,22,5,0,21,5,0,27,5,0,20,5,0,26,5,0,22,5,0,25,5,0,21,5,0,13,5,0,25,5,0,24,5,0,17,5,0,22,5,0,18,5,0,22,5,0,14,5,0,15,5,0,21,5,0,0,5,0,12,5,0,21,5,0,15,5,0,22,5,0,22,5,0,20,5,0,21,5,0,21,5,0,25,5,0,24,5,0,21,5,0,26,5,0,25,5,0,25,5,0,21,5,0,13,5,0,18,5,0,16,5,0,25,5,0,16,5,0,17,5,0,20,5,0,25,5,0,11,5,0,18,5,0,25,5,0,22,5,0,24,5,0,24,5,0,26,5,0,1
500,20,2,0,22,2,0,22,2,0,20,2,0,19,2,0,20,2,0,20,2,0,13,2,0,13,2,0,21,2,0,18,2,0,20,2,0,12,2,0,21,2,0,20,2,0,20,2,0,20,2,0,18,2,0,21,2,0,18,2,0,12,2,0,24,2,0,23,2,0,18,2,0,17,2,0,22,2,0,21,2,0,20,2,0,18,2,0,13,2,0,22,2,0,21,2,0,18,2,0,22,2,0,21,2,0,22,2,0,21,2,0,22,2,0,19,2,0,21,2,0,20,2,0,20,2,0,21,2,0,26,2,0,21,2,0,24,2,0,16,2,0,21,2,0,15,2,0,21,2,0,18,2,0,22,2,0,19,2,0,19,2,0,22,2,0,18,2,0,14,2,0,21,2,0,22,2,0,18,2,0,18,2,0,10,2,0,18,2,0,12,2,0,0,2,0,11,2,0,11,2,0,17,2,0,20,2,0,19,2,0,19,2,0,19,2,0,20,2,0,22,2,0,17,2,0,20,2,0,23,2,0,22,2,0,19,2,0,19,2,0,12,2,0,14,2,0,23,2,0,12,2,0,12,2,0,14,2,0,23,2,0,13,2,0,14,2,0,20,2,0,19,2,0,20,2,0,20,2,0,21,2,0,1
500,25,19,19,26,19,19,28,19,19,21,19,19,22,19,19,25,19,19,24,19,19,24,19,19,19,19,19,27,19,19,21,19,19,23,19,19,23,19,19,26,19,19,24,19,19,23,19,19,25,19,19,21,19,19,25,19,19,19,19,19,23,19,19,30,19,19,26,19,19,21,19,19,22,19,19,25,19,19,23,19,19,24,19,19,22,19,19,24,19,19,25,19,19,27,19,19,18,19,19,26,19,19,27,19,19,27,19,19,27,19,19,27,19,19,23,19,19,26,19,19,24,19,19,26,19,19,24,19,19,27,19,19,25,19,19,13,19,19,25,19,19,24,19,19,25,19,19,24,19,19,14,19,19,17,19,19,15,19,19,27,19,19,25,19,19,21,19,19,24,19,19,12,19,19,24,19,19,12,19,19,24,19,19,20,19,19,11,19,19,21,19,19,11,19,19,0,19,19,21,19,19,20,19,19,10,19,19,9,19,19,9,19,19,10,19,19,23,19,19,24,19,19,14,19,19,23,19,19,25,19,19,14,19,19,14,19,19,26,19,19,23,19,19,25,19,19,14,19,19,23,19,19,23,19,19,25,19,19,14,19,19,23,19,19,24,19,19,23,19,19,14,19,19,13,19,19,24,19,19,23,19,19,1
500,15,3,0,16,3,0,16,3,0,17,3,0,18,3,0,13,3,0,15,3,0,11,3,0,15,3,0,14,3,0,13,3,0,13,3,0,13,3,0,15,3,0,14,3,0,15,3,0,23,3,0,12,3,0,16,3,0,15,3,0,15,3,0,17,3,0,16,3,0,15,3,0,15,3,0,16,3,0,15,3,0,14,3,0,14,3,0,10,3,0,13,3,0,14,3,0,17,3,0,15,3,0,14,3,0,14,3,0,15,3,0,16,3,0,17,3,0,16,3,0,19,3,0,15,3,0,15,3,0,21,3,0,16,3,0,23,3,0,9,3,0,18,3,0,5,3,0,12,3,0,16,3,0,21,3,0,17,3,0,16,3,0,17,3,0,11,3,0,11,3,0,18,3,0,21,3,0,16,3,0,17,3,0,6,3,0,16,3,0,15,3,0,11,3,0,21,3,0,0,3,0,7,3,0,21,3,0,19,3,0,19,3,0,17,3,0,10,3,0,16,3,0,15,3,0,12,3,0,18,3,0,19,3,0,17,3,0,16,3,0,11,3,0,10,3,0,21,3,0,8,3,0,8,3,0,10,3,0,20,3,0,13,3,0,5,3,0,12,3,0,17,3,0,18,3,0,15,3,0,13,3,0,1
500,14,11,5,14,11,5,15,11,5,15,11,5,18,11,5,12,11,5,16,11,5,17,11,5,15,11,5,14,11,5,12,11,5,12,11,5,19,11,5,14,11,5,15,11,5,14,11,5,29,11,5,10,11,5,15,11,5,14,11,5,21,11,5,16,11,5,14,11,5,12,11,5,15,11,5,14,11,5,8,11,5,15,11,5,13,11,5,17,11,5,6,11,5,13,11,5,14,11,5,13,11,5,15,11,5,13,11,5,16,11,5,14,11,5,16,11,5,12,11,5,19,11,5,15,11,5,13,11,5,18,11,5,15,11,5,21,11,5,13,11,5,11,11,5,12,11,5,5,11,5,14,11,5,19,11,5,14,11,5,23,11,5,13,11,5,4,11,5,12,11,5,17,11,5,28,11,5,14,11,5,24,11,5,13,11,5,15,11,5,22,11,5,17,11,5,20,11,5,7,11,5,0,11,5,20,11,5,18,11,5,18,11,5,16,11,5,3,11,5,11,11,5,13,11,5,5,11,5,13,11,5,18,11,5,14,11,5,23,11,5,17,11,5,17,11,5,20,11,5,14,11,5,15,11,5,16,11,5,19,11,5,20,11,5,12,11,5,5,11,5,15,11,5,16,11,5,14,11,5,6,11,5,1
500,26,16,21,26,16,21,28,16,21,23,16,21,24,16,21,25,16,21,26,16,21,23,16,21,25,16,21,28,16,21,24,16,21,26,16,21,25,16,21,27,16,21,24,16,21,25,16,21,27,16,21,21,16,21,24,16,21,21,16,21,26,16,21,31,16,21,26,16,21,22,16,21,23,16,21,27,16,21,25,16,21,26,16,21,25,16,21,25,16,21,25,16,21,27,16,21,18,16,21,27,16,21,28,16,21,27,16,21,28,16,21,29,16,21,25,16,21,27,16,21,26,16,21,26,16,21,26,16,21,25,16,21,26,16,21,14,16,21,26,16,21,25,16,21,26,16,21,25,16,21,15,16,21,19,16,21,16,16,21,26,16,21,25,16,21,23,16,21,23,16,21,14,16,21,26,16,21,13,16,21,25,16,21,23,16,21,13,16,21,22,16,21,20,16,21,10,16,21,21,16,21,20,16,21,0,16,21,7,16,21,10,16,21,12,16,21,23,16,21,23,16,21,15,16,21,24,16,21,24,16,21,15,16,21,14,16,21,26,16,21,16,16,21,25,16,21,14,16,21,21,16,21,24,16,21,27,16,21,17,16,21,22,16,21,25,16,21,24,16,21,15,16,21,16,16,21,25,16,21,24,16,21,1
500,23,16,12,23,16,12,25,16,12,20,16,12,21,16,12,22,16,12,24,16,12,21,16,12,22,16,12,25,16,12,20,16,12,22,16,12,22,16,12,22,16,12,21,16,12,21,16,12,27,16,12,17,16,12,22,16,12,18,16,12,24,16,12,26,16,12,21,16,12,18,16,12,19,16,12,24,16,12,22,16,12,22,16,12,21,16,12,21,16,12,23,16,12,23,16,12,16,16,12,23,16,12,25,16,12,24,16,12,25,16,12,25,16,12,22,16,12,24,16,12,22,16,12,23,16,12,23,16,12,25,16,12,23,16,12,12,16,12,24,16,12,20,16,12,24,16,12,23,16,12,12,16,12,15,16,12,13,16,12,25,16,12,22,16,12,19,16,12,23,16,12,9,16,12,21,16,12,9,16,12,21,16,12,20,16,12,10,16,12,20,16,12,19,16,12,9,16,12,19,16,12,18,16,12,7,16,12,0,16,12,4,16,12,7,16,12,21,16,12,22,16,12,11,16,12,22,16,12,23,16,12,11,16,12,12,16,12,24,16,12,19,16,12,23,16,12,12,16,12,16,16,12,20,16,12,23,16,12,12,16,12,20,16,12,22,16,12,21,16,12,11,16,12,11,16,12,22,16,12,21,16,12,1
500,23,10,12,23,10,12,26,10,12,20,10,12,21,10,12,22,10,12,23,10,12,21,10,12,22,10,12,24,10,12,20,10,12,22,10,12,21,10,12,22,10,12,21,10,12,21,10,12,27,10,12,19,10,12,22,10,12,18,10,12,23,10,12,26,10,12,23,10,12,19,10,12,20,10,12,22,10,12,20,10,12,21,10,12,20,10,12,21,10,12,23,10,12,23,10,12,16,10,12,23,10,12,24,10,12,24,10,12,23,10,12,25,10,12,22,10,12,24,10,12,23,10,12,23,10,12,23,10,12,25,10,12,22,10,12,13,10,12,23,10,12,20,10,12,23,10,12,22,10,12,12,10,12,15,10,12,12,10,12,24,10,12,23,10,12,19,10,12,23,10,12,9,10,12,21,10,12,9,10,12,21,10,12,20,10,12,10,10,12,21,10,12,19,10,12,9,10,12,19,10,12,18,10,12,10,10,12,4,10,12,0,10,12,7,10,12,21,10,12,22,10,12,11,10,12,21,10,12,23,10,12,11,10,12,11,10,12,23,10,12,23,10,12,23,10,12,12,10,12,20,10,12,16,10,12,23,10,12,12,10,12,22,10,12,22,10,12,20,10,12,10,10,12,11,10,12,22,10,12,20,10,12,1
500,23,7,5,22,7,5,25,7,5,20,7,5,20,7,5,20,7,5,23,7,5,21,7,5,22,7,5,24,7,5,19,7,5,21,7,5,22,7,5,22,7,5,20,7,5,20,7,5,28,7,5,18,7,5,21,7,5,18,7,5,23,7,5,26,7,5,23,7,5,18,7,5,19,7,5,23,7,5,21,7,5,21,7,5,21,7,5,21,7,5,20,7,5,23,7,5,15,7,5,22,7,5,24,7,5,23,7,5,24,7,5,24,7,5,22,7,5,23,7,5,22,7,5,23,7,5,22,7,5,25,7,5,21,7,5,13,7,5,23,7,5,20,7,5,22,7,5,21,7,5,11,7,5,14,7,5,12,7,5,24,7,5,22,7,5,18,7,5,22,7,5,9,7,5,21,7,5,9,7,5,21,7,5,20,7,5,10,7,5,21,7,5,19,7,5,10,7,5,17,7,5,16,7,5,12,7,5,7,7,5,7,7,5,0,7,5,19,7,5,21,7,5,10,7,5,20,7,5,23,7,5,10,7,5,11,7,5,23,7,5,23,7,5,23,7,5,12,7,5,20,7,5,20,7,5,16,7,5,5,7,5,22,7,5,20,7,5,19,7,5,10,7,5,11,7,5,21,7,5,19,7,5,0
500,13,12,7,14,12,7,14,12,7,15,12,7,18,12,7,11,12,7,15,12,7,18,12,7,14,12,7,14,12,7,12,12,7,11,12,7,19,12,7,13,12,7,14,12,7,13,12,7,29,12,7,13,12,7,15,12,7,13,12,7,21,12,7,15,12,7,13,12,7,13,12,7,16,12,7,13,12,7,7,12,7,14,12,7,13,12,7,17,12,7,5,12,7,13,12,7,14,12,7,12,12,7,14,12,7,12,12,7,15,12,7,13,12,7,16,12,7,11,12,7,20,12,7,14,12,7,11,12,7,18,12,7,14,12,7,21,12,7,12,12,7,10,12,7,10,12,7,3,12,7,16,12,7,18,12,7,13,12,7,22,12,7,12,12,7,4,12,7,12,12,7,17,12,7,29,12,7,14,12,7,25,12,7,16,12,7,18,12,7,25,12,7,20,12,7,23,12,7,10,12,7,3,12,7,23,12,7,21,12,7,21,12,7,19,12,7,0,12,7,8,12,7,10,12,7,3,12,7,11,12,7,17,12,7,13,12,7,22,12,7,17,12,7,16,12,7,19,12,7,14,12,7,14,12,7,15,12,7,18,12,7,20,12,7,12,12,7,5,12,7,15,12,7,15,12,7,13,12,7,6,12,7,1
500,20,2,0,22,2,0,21,2,0,21,2,0,20,2,0,19,2,0,20,2,0,22,2,0,21,2,0,21,2,0,19,2,0,18,2,0,22,2,0,20,2,0,20,2,0,21,2,0,28,2,0,18,2,0,20,2,0,20,2,0,23,2,0,22,2,0,20,2,0,21,2,0,19,2,0,21,2,0,15,2,0,18,2,0,21,2,0,19,2,0,13,2,0,21,2,0,20,2,0,20,2,0,21,2,0,19,2,0,21,2,0,21,2,0,22,2,0,19,2,0,21,2,0,20,2,0,18,2,0,12,2,0,22,2,0,22,2,0,20,2,0,18,2,0,16,2,0,11,2,0,19,2,0,21,2,0,18,2,0,24,2,0,4,2,0,12,2,0,12,2,0,21,2,0,28,2,0,19,2,0,25,2,0,21,2,0,21,2,0,24,2,0,22,2,0,24,2,0,16,2,0,11,2,0,23,2,0,22,2,0,22,2,0,21,2,0,8,2,0,0,2,0,15,2,0,11,2,0,3,2,0,20,2,0,18,2,0,24,2,0,20,2,0,19,2,0,21,2,0,19,2,0,19,2,0,20,2,0,21,2,0,20,2,0,18,2,0,13,2,0,20,2,0,20,2,0,20,2,0,14,2,0,1
500,15,22,11,16,22,11,17,22,11,15,22,11,16,22,11,13,22,11,17,22,11,19,22,11,14,22,11,16,22,11,14,22,11,13,22,11,19,22,11,14,22,11,16,22,11,14,22,11,27,22,11,14,22,11,14,22,11,12,22,11,20,22,11,18,22,11,15,22,11,14,22,11,15,22,11,15,22,11,13,22,11,14,22,11,14,22,11,17,22,11,15,22,11,16,22,11,8,22,11,14,22,11,16,22,11,15,22,11,16,22,11,16,22,11,14,22,11,15,22,11,20,22,11,15,22,11,13,22,11,22,22,11,15,22,11,11,22,11,15,22,11,15,22,11,15,22,11,13,22,11,6,22,11,11,22,11,3,22,11,15,22,11,16,22,11,13,22,11,18,22,11,8,22,11,20,22,11,4,22,11,16,22,11,17,22,11,10,22,11,21,22,11,17,22,11,14,22,11,15,22,11,13,22,11,15,22,11,11,22,11,11,22,11,10,22,11,10,22,11,15,22,11,0,22,11,13,22,11,18,22,11,7,22,11,3,22,11,15,22,11,15,22,11,17,22,11,10,22,11,15,22,11,15,22,11,16,22,11,9,22,11,15,22,11,17,22,11,14,22,11,5,22,11,5,22,11,15,22,11,12,22,11,0
500,13,2,2,14,2,2,14,2,2,14,2,2,17,2,2,12,2,2,15,2,2,16,2,2,14,2,2,13,2,2,13,2,2,12,2,2,18,2,2,13,2,2,14,2,2,12,2,2,31,2,2,13,2,2,15,2,2,13,2,2,21,2,2,15,2,2,13,2,2,13,2,2,16,2,2,12,2,2,6,2,2,13,2,2,12,2,2,18,2,2,6,2,2,13,2,2,14,2,2,12,2,2,14,2,2,12,2,2,15,2,2,13,2,2,15,2,2,11,2,2,19,2,2,14,2,2,12,2,2,18,2,2,14,2,2,22,2,2,12,2,2,12,2,2,11,2,2,4,2,2,18,2,2,19,2,2,14,2,2,23,2,2,12,2,2,6,2,2,14,2,2,19,2,2,30,2,2,16,2,2,26,2,2,15,2,2,16,2,2,26,2,2,20,2,2,23,2,2,12,2,2,5,2,2,24,2,2,22,2,2,21,2,2,20,2,2,3,2,2,11,2,2,13,2,2,0,2,2,8,2,2,14,2,2,10,2,2,21,2,2,16,2,2,16,2,2,19,2,2,14,2,2,14,2,2,16,2,2,19,2,2,20,2,2,12,2,2,5,2,2,15,2,2,17,2,2,13,2,2,6,2,2,1
500,20,3,0,22,3,0,21,3,0,21,3,0,20,3,0,20,3,0,20,3,0,22,3,0,21,3,0,20,3,0,20,3,0,19,3,0,22,3,0,20,3,0,20,3,0,20,3,0,29,3,0,18,3,0,20,3,0,21,3,0,24,3,0,22,3,0,20,3,0,21,3,0,19,3,0,20,3,0,14,3,0,17,3,0,20,3,0,20,3,0,14,3,0,21,3,0,20,3,0,20,3,0,21,3,0,19,3,0,21,3,0,21,3,0,22,3,0,19,3,0,21,3,0,20,3,0,19,3,0,12,3,0,22,3,0,22,3,0,20,3,0,20,3,0,17,3,0,12,3,0,20,3,0,22,3,0,19,3,0,25,3,0,4,3,0,14,3,0,14,3,0,21,3,0,30,3,0,20,3,0,27,3,0,21,3,0,21,3,0,25,3,0,23,3,0,25,3,0,18,3,0,13,3,0,24,3,0,23,3,0,23,3,0,23,3,0,11,3,0,3,3,0,18,3,0,8,3,0,0,3,0,17,3,0,15,3,0,21,3,0,20,3,0,19,3,0,21,3,0,20,3,0,20,3,0,21,3,0,22,3,0,20,3,0,18,3,0,13,3,0,20,3,0,21,3,0,20,3,0,14,3,0,1
500,19,24,12,19,24,12,22,24,12,17,24,12,18,24,12,18,24,12,19,24,12,19,24,12,19,24,12,20,24,12,17,24,12,18,24,12,20,24,12,19,24,12,18,24,12,17,24,12,30,24,12,19,24,12,18,24,12,16,24,12,22,24,12,23,24,12,20,24,12,16,24,12,17,24,12,19,24,12,17,24,12,18,24,12,17,24,12,19,24,12,17,24,12,19,24,12,12,24,12,19,24,12,21,24,12,20,24,12,21,24,12,21,24,12,19,24,12,20,24,12,20,24,12,19,24,12,18,24,12,24,24,12,19,24,12,12,24,12,19,24,12,18,24,12,19,24,12,18,24,12,8,24,12,12,24,12,9,24,12,21,24,12,20,24,12,18,24,12,22,24,12,10,24,12,22,24,12,8,24,12,20,24,12,19,24,12,9,24,12,25,24,12,22,24,12,14,24,12,19,24,12,18,24,12,15,24,12,11,24,12,11,24,12,10,24,12,17,24,12,20,24,12,7,24,12,14,24,12,17,24,12,0,24,12,5,24,12,17,24,12,20,24,12,19,24,12,9,24,12,19,24,12,18,24,12,20,24,12,9,24,12,19,24,12,19,24,12,18,24,12,8,24,12,9,24,12,18,24,12,16,24,12,1
500,15,19,11,16,19,11,17,19,11,15,19,11,16,19,11,13,19,11,17,19,11,17,19,11,14,19,11,15,19,11,15,19,11,15,19,11,19,19,11,14,19,11,16,19,11,13,19,11,29,19,11,14,19,11,14,19,11,13,19,11,21,19,11,18,19,11,15,19,11,14,19,11,15,19,11,14,19,11,12,19,11,13,19,11,13,19,11,18,19,11,15,19,11,16,19,11,8,19,11,14,19,11,16,19,11,15,19,11,16,19,11,16,19,11,14,19,11,15,19,11,19,19,11,15,19,11,14,19,11,21,19,11,15,19,11,12,19,11,15,19,11,15,19,11,16,19,11,14,19,11,8,19,11,12,19,11,4,19,11,16,19,11,17,19,11,14,19,11,20,19,11,10,19,11,22,19,11,6,19,11,18,19,11,17,19,11,8,19,11,21,19,11,19,19,11,14,19,11,17,19,11,14,19,11,14,19,11,12,19,11,11,19,11,11,19,11,13,19,11,18,19,11,3,19,11,10,19,11,15,19,11,5,19,11,0,19,11,12,19,11,15,19,11,17,19,11,9,19,11,16,19,11,16,19,11,17,19,11,10,19,11,16,19,11,17,19,11,15,19,11,5,19,11,7,19,11,15,19,11,11,19,11,1
500,26,3,0,27,3,0,27,3,0,25,3,0,23,3,0,25,3,0,23,3,0,18,3,0,25,3,0,27,3,0,26,3,0,26,3,0,18,3,0,26,3,0,23,3,0,25,3,0,23,3,0,25,3,0,25,3,0,23,3,0,19,3,0,30,3,0,27,3,0,25,3,0,23,3,0,26,3,0,24,3,0,23,3,0,24,3,0,20,3,0,24,3,0,27,3,0,20,3,0,26,3,0,27,3,0,27,3,0,27,3,0,28,3,0,25,3,0,27,3,0,24,3,0,25,3,0,26,3,0,24,3,0,27,3,0,24,3,0,22,3,0,27,3,0,17,3,0,24,3,0,20,3,0,24,3,0,16,3,0,4,3,0,25,3,0,22,3,0,18,3,0,22,3,0,10,3,0,18,3,0,6,3,0,20,3,0,20,3,0,13,3,0,19,3,0,26,3,0,16,3,0,23,3,0,26,3,0,24,3,0,23,3,0,23,3,0,22,3,0,24,3,0,15,3,0,21,3,0,21,3,0,17,3,0,12,3,0,0,3,0,17,3,0,17,3,0,21,3,0,18,3,0,19,3,0,19,3,0,22,3,0,12,3,0,16,3,0,23,3,0,17,3,0,19,3,0,25,3,0,20,3,0,1
500,16,2,0,17,2,0,17,2,0,17,2,0,18,2,0,17,2,0,16,2,0,11,2,0,15,2,0,17,2,0,17,2,0,17,2,0,14,2,0,18,2,0,17,2,0,17,2,0,24,2,0,17,2,0,18,2,0,17,2,0,14,2,0,20,2,0,18,2,0,18,2,0,18,2,0,19,2,0,18,2,0,17,2,0,17,2,0,11,2,0,19,2,0,17,2,0,15,2,0,17,2,0,17,2,0,17,2,0,17,2,0,18,2,0,18,2,0,17,2,0,19,2,0,16,2,0,18,2,0,26,2,0,18,2,0,21,2,0,11,2,0,18,2,0,11,2,0,18,2,0,20,2,0,22,2,0,16,2,0,18,2,0,18,2,0,17,2,0,16,2,0,21,2,0,24,2,0,19,2,0,21,2,0,10,2,0,19,2,0,18,2,0,12,2,0,23,2,0,11,2,0,17,2,0,16,2,0,19,2,0,23,2,0,23,2,0,17,2,0,20,2,0,15,2,0,16,2,0,20,2,0,20,2,0,15,2,0,17,2,0,0,2,0,9,2,0,19,2,0,7,2,0,10,2,0,12,2,0,22,2,0,13,2,0,12,2,0,19,2,0,18,2,0,20,2,0,16,2,0,18,2,0,1
500,16,1,0,17,1,0,16,1,0,19,1,0,19,1,0,16,1,0,13,1,0,13,1,0,15,1,0,16,1,0,17,1,0,16,1,0,14,1,0,16,1,0,15,1,0,17,1,0,26,1,0,18,1,0,17,1,0,17,1,0,15,1,0,18,1,0,17,1,0,19,1,0,18,1,0,17,1,0,17,1,0,16,1,0,16,1,0,12,1,0,17,1,0,17,1,0,16,1,0,17,1,0,16,1,0,17,1,0,16,1,0,17,1,0,17,1,0,17,1,0,21,1,0,16,1,0,17,1,0,25,1,0,17,1,0,23,1,0,10,1,0,18,1,0,10,1,0,17,1,0,20,1,0,22,1,0,18,1,0,18,1,0,18,1,0,18,1,0,17,1,0,22,1,0,25,1,0,19,1,0,21,1,0,11,1,0,20,1,0,16,1,0,14,1,0,25,1,0,10,1,0,17,1,0,25,1,0,23,1,0,23,1,0,23,1,0,16,1,0,19,1,0,17,1,0,16,1,0,19,1,0,19,1,0,17,1,0,17,1,0,9,1,0,0,1,0,11,1,0,10,1,0,10,1,0,11,1,0,22,1,0,13,1,0,10,1,0,17,1,0,18,1,0,20,1,0,15,1,0,18,1,0,1
500,21,3,1,21,3,1,22,3,1,19,3,1,20,3,1,20,3,1,18,3,1,22,3,1,19,3,1,22,3,1,20,3,1,20,3,1,21,3,1,20,3,1,18,3,1,20,3,1,30,3,1,20,3,1,20,3,1,18,3,1,21,3,1,24,3,1,21,3,1,20,3,1,21,3,1,20,3,1,18,3,1,19,3,1,20,3,1,22,3,1,20,3,1,22,3,1,12,3,1,21,3,1,22,3,1,22,3,1,22,3,1,22,3,1,20,3,1,21,3,1,21,3,1,21,3,1,20,3,1,25,3,1,20,3,1,13,3,1,20,3,1,19,3,1,21,3,1,20,3,1,10,3,1,14,3,1,10,3,1,22,3,1,20,3,1,21,3,1,25,3,1,11,3,1,23,3,1,11,3,1,23,3,1,21,3,1,12,3,1,25,3,1,23,3,1,14,3,1,21,3,1,20,3,1,14,3,1,12,3,1,12,3,1,12,3,1,19,3,1,21,3,1,10,3,1,19,3,1,21,3,1,9,3,1,9,3,1,21,3,1,19,3,1,11,3,1,0,3,1,21,3,1,20,3,1,22,3,1,11,3,1,23,3,1,21,3,1,20,3,1,11,3,1,10,3,1,19,3,1,18,3,1,1
500,15,1,0,15,1,0,14,1,0,16,1,0,17,1,0,13,1,0,14,1,0,12,1,0,13,1,0,13,1,0,12,1,0,13,1,0,12,1,0,15,1,0,14,1,0,14,1,0,23,1,0,14,1,0,17,1,0,14,1,0,15,1,0,15,1,0,13,1,0,14,1,0,15,1,0,15,1,0,15,1,0,14,1,0,14,1,0,9,1,0,15,1,0,13,1,0,16,1,0,15,1,0,13,1,0,14,1,0,14,1,0,15,1,0,17,1,0,14,1,0,19,1,0,13,1,0,14,1,0,25,1,0,15,1,0,22,1,0,8,1,0,18,1,0,8,1,0,15,1,0,20,1,0,21,1,0,16,1,0,18,1,0,17,1,0,14,1,0,15,1,0,19,1,0,24,1,0,17,1,0,20,1,0,9,1,0,19,1,0,16,1,0,12,1,0,23,1,0,8,1,0,14,1,0,21,1,0,16,1,0,20,1,0,20,1,0,14,1,0,19,1,0,15,1,0,14,1,0,20,1,0,19,1,0,16,1,0,18,1,0,7,1,0,10,1,0,21,1,0,0,1,0,4,1,0,10,1,0,21,1,0,11,1,0,8,1,0,14,1,0,16,1,0,19,1,0,15,1,0,16,1,0,1
500,14,1,0,15,1,0,15,1,0,16,1,0,17,1,0,13,1,0,14,1,0,12,1,0,13,1,0,13,1,0,12,1,0,14,1,0,11,1,0,15,1,0,14,1,0,14,1,0,24,1,0,16,1,0,16,1,0,14,1,0,14,1,0,15,1,0,15,1,0,15,1,0,16,1,0,14,1,0,13,1,0,13,1,0,13,1,0,8,1,0,15,1,0,13,1,0,15,1,0,15,1,0,13,1,0,15,1,0,12,1,0,15,1,0,15,1,0,14,1,0,19,1,0,13,1,0,14,1,0,25,1,0,14,1,0,23,1,0,7,1,0,18,1,0,8,1,0,14,1,0,20,1,0,22,1,0,17,1,0,19,1,0,17,1,0,15,1,0,16,1,0,20,1,0,25,1,0,17,1,0,21,1,0,7,1,0,17,1,0,17,1,0,12,1,0,23,1,0,8,1,0,15,1,0,24,1,0,20,1,0,16,1,0,20,1,0,14,1,0,19,1,0,15,1,0,14,1,0,20,1,0,18,1,0,16,1,0,19,1,0,10,1,0,10,1,0,20,1,0,4,1,0,0,1,0,10,1,0,21,1,0,13,1,0,8,1,0,14,1,0,17,1,0,19,1,0,15,1,0,15,1,0,1
500,17,1,0,18,1,0,18,1,0,17,1,0,16,1,0,15,1,0,16,1,0,12,1,0,16,1,0,16,1,0,15,1,0,16,1,0,13,1,0,17,1,0,16,1,0,14,1,0,23,1,0,17,1,0,17,1,0,14,1,0,15,1,0,19,1,0,18,1,0,16,1,0,15,1,0,15,1,0,14,1,0,14,1,0,14,1,0,11,1,0,15,1,0,15,1,0,17,1,0,17,1,0,16,1,0,17,1,0,17,1,0,18,1,0,17,1,0,17,1,0,17,1,0,16,1,0,16,1,0,25,1,0,16,1,0,24,1,0,11,1,0,16,1,0,9,1,0,15,1,0,19,1,0,18,1,0,15,1,0,17,1,0,19,1,0,15,1,0,16,1,0,20,1,0,25,1,0,18,1,0,21,1,0,11,1,0,19,1,0,20,1,0,14,1,0,25,1,0,10,1,0,16,1,0,27,1,0,23,1,0,23,1,0,16,1,0,15,1,0,20,1,0,16,1,0,16,1,0,21,1,0,20,1,0,17,1,0,19,1,0,12,1,0,11,1,0,22,1,0,10,1,0,10,1,0,0,1,0,11,1,0,14,1,0,10,1,0,16,1,0,18,1,0,18,1,0,16,1,0,16,1,0,1
500,22,9,13,22,9,13,24,9,13,19,9,13,20,9,13,19,9,13,21,9,13,21,9,13,20,9,13,22,9,13,19,9,13,20,9,13,22,9,13,21,9,13,19,9,13,18,9,13,29,9,13,20,9,13,20,9,13,17,9,13,22,9,13,25,9,13,22,9,13,18,9,13,19,9,13,20,9,13,18,9,13,18,9,13,18,9,13,21,9,13,18,9,13,21,9,13,14,9,13,21,9,13,22,9,13,22,9,13,23,9,13,23,9,13,20,9,13,22,9,13,21,9,13,21,9,13,20,9,13,25,9,13,20,9,13,13,9,13,22,9,13,20,9,13,19,9,13,18,9,13,8,9,13,12,9,13,9,9,13,21,9,13,22,9,13,18,9,13,22,9,13,9,9,13,21,9,13,9,9,13,21,9,13,22,9,13,12,9,13,25,9,13,23,9,13,14,9,13,20,9,13,19,9,13,17,9,13,12,9,13,12,9,13,5,9,13,18,9,13,21,9,13,9,9,13,19,9,13,22,9,13,9,9,13,10,9,13,22,9,13,22,9,13,22,9,13,11,9,13,21,9,13,21,9,13,11,9,13,0,9,13,21,9,13,20,9,13,19,9,13,9,9,13,9,9,13,19,9,13,18,9,13,1
500,19,3,0,21,3,0,21,3,0,21,3,0,20,3,0,19,3,0,18,3,0,14,3,0,19,3,0,21,3,0,19,3,0,21,3,0,13,3,0,20,3,0,18,3,0,20,3,0,23,3,0,20,3,0,19,3,0,19,3,0,16,3,0,24,3,0,21,3,0,20,3,0,18,3,0,21,3,0,19,3,0,18,3,0,20,3,0,9,3,0,20,3,0,20,3,0,15,3,0,19,3,0,20,3,0,20,3,0,20,3,0,21,3,0,20,3,0,21,3,0,20,3,0,19,3,0,21,3,0,26,3,0,22,3,0,21,3,0,15,3,0,21,3,0,15,3,0,21,3,0,19,3,0,20,3,0,16,3,0,12,3,0,21,3,0,20,3,0,14,3,0,20,3,0,16,3,0,17,3,0,13,3,0,14,3,0,21,3,0,11,3,0,13,3,0,23,3,0,13,3,0,20,3,0,22,3,0,20,3,0,22,3,0,22,3,0,20,3,0,20,3,0,15,3,0,20,3,0,20,3,0,19,3,0,16,3,0,12,3,0,13,3,0,13,3,0,23,3,0,11,3,0,13,3,0,14,3,0,21,3,0,0,3,0,9,3,0,16,3,0,12,3,0,17,3,0,19,3,0,22,3,0,1
500,15,2,0,17,2,0,17,2,0,18,2,0,18,2,0,14,2,0,15,2,0,12,2,0,16,2,0,15,2,0,14,2,0,15,2,0,12,2,0,16,2,0,15,2,0,16,2,0,23,2,0,16,2,0,16,2,0,14,2,0,16,2,0,18,2,0,17,2,0,17,2,0,16,2,0,16,2,0,15,2,0,14,2,0,15,2,0,6,2,0,12,2,0,16,2,0,17,2,0,15,2,0,14,2,0,14,2,0,15,2,0,16,2,0,17,2,0,16,2,0,20,2,0,15,2,0,16,2,0,22,2,0,17,2,0,24,2,0,9,2,0,18,2,0,6,2,0,13,2,0,20,2,0,22,2,0,18,2,0,16,2,0,19,2,0,14,2,0,14,2,0,20,2,0,22,2,0,19,2,0,18,2,0,9,2,0,18,2,0,18,2,0,14,2,0,24,2,0,5,2,0,12,2,0,25,2,0,22,2,0,22,2,0,20,2,0,12,2,0,18,2,0,17,2,0,12,2,0,18,2,0,19,2,0,17,2,0,16,2,0,12,2,0,10,2,0,21,2,0,8,2,0,8,2,0,10,2,0,20,2,0,9,2,0,0,2,0,7,2,0,12,2,0,19,2,0,15,2,0,14,2,0,1
500,14,2,2,15,2,2,16,2,2,16,2,2,19,2,2,13,2,2,16,2,2,18,2,2,16,2,2,16,2,2,12,2,2,14,2,2,18,2,2,15,2,2,15,2,2,15,2,2,30,2,2,14,2,2,15,2,2,13,2,2,22,2,2,17,2,2,15,2,2,13,2,2,17,2,2,14,2,2,8,2,2,15,2,2,14,2,2,13,2,2,5,2,2,14,2,2,14,2,2,14,2,2,15,2,2,13,2,2,16,2,2,14,2,2,16,2,2,12,2,2,20,2,2,15,2,2,14,2,2,19,2,2,16,2,2,23,2,2,14,2,2,12,2,2,13,2,2,6,2,2,18,2,2,19,2,2,15,2,2,23,2,2,14,2,2,7,2,2,15,2,2,18,2,2,29,2,2,16,2,2,25,2,2,15,2,2,17,2,2,25,2,2,20,2,2,23,2,2,12,2,2,5,2,2,24,2,2,21,2,2,20,2,2,19,2,2,5,2,2,13,2,2,14,2,2,5,2,2,13,2,2,18,2,2,15,2,2,23,2,2,19,2,2,17,2,2,20,2,2,14,2,2,14,2,2,16,2,2,19,2,2,16,2,2,7,2,2,0,2,2,10,2,2,16,2,2,14,2,2,7,2,2,1
500,16,25,36,17,25,36,19,25,36,16,25,36,17,25,36,15,25,36,18,25,36,19,25,36,16,25,36,18,25,36,14,25,36,16,25,36,19,25,36,16,25,36,16,25,36,15,25,36,29,25,36,15,25,36,16,25,36,13,25,36,22,25,36,20,25,36,17,25,36,15,25,36,16,25,36,16,25,36,14,25,36,15,25,36,15,25,36,13,25,36,15,25,36,17,25,36,9,25,36,15,25,36,17,25,36,16,25,36,17,25,36,17,25,36,16,25,36,16,25,36,20,25,36,16,25,36,16,25,36,24,25,36,16,25,36,13,25,36,16,25,36,16,25,36,18,25,36,16,25,36,9,25,36,13,25,36,6,25,36,18,25,36,18,25,36,16,25,36,21,25,36,8,25,36,20,25,36,7,25,36,19,25,36,18,25,36,9,25,36,22,25,36,19,25,36,14,25,36,17,25,36,15,25,36,15,25,36,11,25,36,10,25,36,10,25,36,15,25,36,20,25,36,5,25,36,15,25,36,20,25,36,8,25,36,5,25,36,17,25,36,18,25,36,18,25,36,11,25,36,16,25,36,17,25,36,18,25,36,9,25,36,12,25,36,12,25,36,10,25,36,0,25,36,7,25,36,16,25,36,14,25,36,1
500,19,2,5,18,2,5,20,2,5,16,2,5,17,2,5,17,2,5,18,2,5,20,2,5,17,2,5,20,2,5,17,2,5,16,2,5,21,2,5,18,2,5,17,2,5,17,2,5,27,2,5,17,2,5,17,2,5,15,2,5,22,2,5,22,2,5,18,2,5,17,2,5,18,2,5,18,2,5,16,2,5,17,2,5,13,2,5,19,2,5,17,2,5,16,2,5,12,2,5,18,2,5,20,2,5,19,2,5,20,2,5,20,2,5,17,2,5,19,2,5,20,2,5,18,2,5,17,2,5,24,2,5,18,2,5,10,2,5,19,2,5,17,2,5,18,2,5,17,2,5,8,2,5,12,2,5,7,2,5,19,2,5,18,2,5,14,2,5,18,2,5,8,2,5,20,2,5,4,2,5,16,2,5,19,2,5,10,2,5,24,2,5,20,2,5,13,2,5,18,2,5,16,2,5,16,2,5,11,2,5,11,2,5,11,2,5,15,2,5,20,2,5,5,2,5,17,2,5,21,2,5,9,2,5,7,2,5,19,2,5,20,2,5,20,2,5,10,2,5,19,2,5,19,2,5,18,2,5,9,2,5,17,2,5,19,2,5,16,2,5,7,2,5,0,2,5,16,2,5,16,2,5,0
500,15,1,0,13,1,0,14,1,0,16,1,0,18,1,0,9,1,0,13,1,0,19,1,0,14,1,0,14,1,0,14,1,0,14,1,0,20,1,0,14,1,0,16,1,0,8,1,0,32,1,0,13,1,0,16,1,0,11,1,0,20,1,0,16,1,0,13,1,0,14,1,0,17,1,0,14,1,0,12,1,0,13,1,0,9,1,0,17,1,0,14,1,0,13,1,0,13,1,0,13,1,0,15,1,0,15,1,0,15,1,0,14,1,0,10,1,0,11,1,0,20,1,0,13,1,0,14,1,0,25,1,0,14,1,0,20,1,0,15,1,0,17,1,0,14,1,0,13,1,0,19,1,0,20,1,0,15,1,0,25,1,0,16,1,0,16,1,0,22,1,0,21,1,0,31,1,0,18,1,0,28,1,0,15,1,0,19,1,0,24,1,0,20,1,0,24,1,0,15,1,0,14,1,0,25,1,0,22,1,0,22,1,0,21,1,0,13,1,0,20,1,0,15,1,0,13,1,0,20,1,0,18,1,0,15,1,0,25,1,0,16,1,0,15,1,0,19,1,0,15,1,0,15,1,0,16,1,0,19,1,0,19,1,0,15,1,0,14,1,0,16,1,0,16,1,0,0,1,0,16,1,0,1
500,16,4,3,16,4,3,17,4,3,15,4,3,18,4,3,14,4,3,17,4,3,18,4,3,16,4,3,15,4,3,14,4,3,14,4,3,19,4,3,16,4,3,15,4,3,15,4,3,31,4,3,15,4,3,16,4,3,15,4,3,21,4,3,18,4,3,16,4,3,13,4,3,17,4,3,14,4,3,8,4,3,15,4,3,14,4,3,18,4,3,7,4,3,15,4,3,14,4,3,15,4,3,16,4,3,15,4,3,17,4,3,16,4,3,15,4,3,13,4,3,19,4,3,16,4,3,14,4,3,12,4,3,13,4,3,21,4,3,14,4,3,11,4,3,13,4,3,6,4,3,16,4,3,18,4,3,12,4,3,21,4,3,15,4,3,6,4,3,14,4,3,19,4,3,28,4,3,15,4,3,24,4,3,16,4,3,16,4,3,26,4,3,21,4,3,23,4,3,13,4,3,6,4,3,24,4,3,21,4,3,20,4,3,19,4,3,6,4,3,14,4,3,12,4,3,6,4,3,14,4,3,16,4,3,11,4,3,20,4,3,18,4,3,18,4,3,18,4,3,16,4,3,15,4,3,16,4,3,18,4,3,22,4,3,14,4,3,7,4,3,14,4,3,16,4,3,16,4,3,0,4,3,1