
1,19,13,9,14,10,17,10,11,23,14,11,10,8,10,9,10,9,10,13,10,14,14,14,14,24,20,12,17,8,12,22,16,13,14,15,12,18,15,9,7,10,13,16,17,14,10,13,24,16,25,23,15,17,12,9,12,10,14,14,23,15,11,23,14,10,12,13,14,18,12,11,10,13,22,14,10,16,10,10,11,17,11,10,10,14,22,14,11,12,11,11,28,23,21,11,14,14,14,12,13,11,31,36,31,36,24,29,29,30,23,29,19,20,8,15,27,20,23,16,22,14,15,17,22,17,15,17,0,0,0,0
19,0,9,18,18,20,16,20,18,15,11,17,18,19,19,20,19,19,20,11,19,10,10,10,10,22,16,17,18,19,17,22,21,17,17,21,17,22,18,18,19,16,16,18,19,16,17,16,17,17,19,17,18,20,16,17,16,19,19,19,23,17,18,23,18,18,16,18,18,20,18,21,20,20,22,18,20,18,18,19,19,19,17,20,18,16,21,18,20,17,19,17,29,23,20,17,18,15,16,13,17,18,27,26,28,26,23,19,26,20,22,18,18,12,19,10,25,13,23,11,22,10,21,10,22,8,22,11,0,1000,2000,0
13,9,0,12,15,14,14,14,12,13,6,14,12,14,13,15,15,15,12,2,13,15,15,15,15,27,19,13,17,15,12,18,19,13,13,18,12,21,15,11,14,12,11,16,16,12,15,12,20,18,22,19,13,19,12,12,11,13,15,15,22,13,12,23,13,13,12,13,13,19,13,15,14,16,22,13,14,16,12,13,13,18,12,13,13,15,18,16,16,13,14,13,29,23,19,12,14,12,14,10,12,11,32,27,32,28,26,21,29,22,26,20,17,10,16,4,23,11,17,5,14,2,18,7,16,4,18,6,500,1000,0,0
9,18,12,0,14,10,16,24,9,23,12,12,10,9,10,8,10,10,10,12,9,12,12,12,12,24,16,7,11,13,7,26,16,8,8,14,6,18,10,8,9,8,13,17,15,13,11,10,21,16,21,19,13,15,6,9,10,10,13,13,21,12,10,22,12,10,10,12,12,18,11,11,11,13,22,13,9,16,10,10,10,17,10,11,10,13,21,14,16,11,11,12,30,22,21,11,15,15,18,12,13,10,34,35,35,36,28,29,33,30,27,28,20,19,13,14,32,20,27,15,24,13,19,15,25,15,19,15,0,0,0,0
14,18,15,14,0,16,15,14,14,21,16,15,13,15,15,14,15,14,15,16,15,16,16,16,16,28,20,14,17,13,14,23,20,14,14,19,14,22,15,15,15,14,14,17,19,16,13,15,21,16,23,19,16,19,14,13,15,15,15,15,23,17,11,24,17,15,15,15,17,19,16,16,16,17,23,17,15,18,14,14,15,19,15,15,15,16,21,16,16,15,16,14,29,22,21,14,17,15,18,15,15,14,32,34,34,35,28,29,32,30,27,28,20,19,13,16,30,20,24,15,21,16,18,16,23,16,18,16,0,0,0,0
10,20,14,10,16,0,16,5,9,26,14,11,6,7,3,6,10,10,5,13,9,19,19,19,19,31,23,14,17,15,14,28,21,13,17,21,14,24,17,10,3,9,15,17,20,16,11,13,25,17,28,24,16,20,13,7,13,5,16,16,27,18,9,27,17,7,13,16,17,23,15,4,9,17,26,17,4,19,12,11,5,20,13,11,12,14,24,17,18,15,11,10,33,25,23,7,16,14,20,13,16,10,38,40,38,40,30,32,36,34,29,31,21,22,15,16,35,23,28,16,27,15,22,19,28,18,22,18,0,0,0,0
17,16,14,16,15,16,1,13,16,22,13,16,15,17,15,17,17,16,17,14,17,15,15,15,15,27,21,15,18,16,15,25,21,15,16,20,16,22,16,16,16,14,15,18,20,17,15,16,21,15,22,19,16,17,14,15,16,16,15,15,23,15,12,23,15,14,15,16,15,19,17,16,15,16,22,15,16,16,16,15,16,16,16,16,15,15,22,17,17,15,14,14,30,23,21,14,17,16,19,15,16,16,33,33,34,34,27,27,28,27,27,28,20,19,16,14,30,19,26,15,23,14,21,17,25,16,21,16,0,0,0,0
10,20,14,9,14,5,13,1,10,24,15,12,7,7,5,6,10,10,5,14,8,17,17,17,17,29,21,13,17,15,13,27,20,12,15,21,13,23,15,10,6,8,14,18,19,16,12,12,23,15,26,22,13,19,10,7,12,5,16,16,26,18,10,26,17,7,12,16,17,22,15,5,10,16,25,16,6,20,9,8,5,18,10,8,9,14,24,16,16,15,11,11,32,25,22,7,16,13,19,12,14,9,36,38,36,38,29,32,33,32,28,30,20,21,15,16,32,21,26,15,26,15,21,19,27,18,20,17,0,0,0,0
11,18,12,9,14,13,16,11,0,23,13,13,11,10,10,11,11,11,10,12,10,18,18,18,18,28,22,14,15,13,13,24,20,15,15,18,13,22,17,10,10,10,14,15,18,13,13,12,23,16,25,21,14,19,13,10,13,12,13,13,22,15,9,22,14,10,13,14,14,18,13,12,11,14,22,15,10,18,10,10,11,17,12,9,10,14,20,14,16,14,11,10,29,22,21,11,15,14,18,12,13,10,34,36,35,36,27,28,33,30,27,28,18,19,14,14,31,21,25,15,23,13,19,16,23,15,20,16,0,0,0,0
23,15,13,23,21,26,22,24,23,0,15,24,24,25,25,26,22,22,24,14,23,21,21,21,21,25,20,23,20,23,22,23,22,22,20,22,23,24,22,19,25,23,20,23,24,22,22,20,22,22,23,21,20,24,21,23,22,25,25,25,25,22,21,25,23,23,21,23,23,24,23,27,25,25,22,22,26,21,23,24,24,21,20,22,23,20,21,19,22,23,24,23,30,25,24,24,24,22,22,21,21,24,30,21,30,20,26,15,27,14,25,14,24,13,23,13,23,11,24,12,23,13,21,10,24,12,23,12,500,1000,0,0
14,11,6,12,16,14,13,15,13,15,0,12,11,13,12,14,14,14,14,4,15,15,15,15,15,26,18,14,17,16,13,20,19,13,14,19,14,20,14,9,15,13,11,16,17,13,14,13,19,16,21,18,13,18,12,14,13,15,16,16,21,14,13,22,14,13,11,14,14,18,14,17,16,16,20,13,14,15,14,15,13,18,12,12,13,14,20,17,16,14,15,15,30,24,20,14,16,15,15,11,15,14,31,30,31,29,25,23,28,24,25,22,17,12,16,8,26,14,21,9,19,7,19,9,20,10,19,9,0,1000,0,0
9,17,14,12,15,11,16,12,13,24,12,0,9,9,10,10,10,9,10,15,12,13,13,13,13,26,18,13,17,15,13,28,22,14,16,21,13,24,16,12,11,10,15,15,18,15,9,13,19,11,22,18,16,18,13,12,13,12,16,16,26,17,12,26,16,9,13,16,16,20,14,12,12,14,24,15,12,18,12,12,12,20,13,11,11,13,21,15,17,14,12,10,31,23,22,10,13,12,21,13,14,13,33,35,33,35,26,28,31,29,25,27,19,20,15,16,32,20,28,16,27,15,20,17,28,17,21,17,0,0,0,0
10,18,12,10,13,6,15,8,11,24,11,9,5,6,4,5,9,8,5,10,9,18,18,18,18,29,21,12,17,14,12,26,20,12,15,20,12,23,15,9,7,8,11,17,18,15,11,12,23,16,26,22,13,20,12,6,12,6,17,17,27,17,9,27,16,7,12,16,16,21,14,7,10,15,25,15,5,18,11,10,5,20,11,9,10,14,22,16,17,13,10,10,33,25,23,7,15,15,20,13,15,11,36,38,37,38,30,30,35,32,29,29,19,20,14,14,33,21,27,15,25,13,21,17,26,16,21,16,0,0,0,0
8,19,14,9,15,7,17,7,10,25,13,9,6,0,6,5,7,7,5,12,7,17,17,17,17,29,21,14,17,13,13,27,21,15,16,20,14,23,17,10,6,10,13,15,16,13,13,12,23,16,26,22,15,18,13,7,12,7,16,16,26,17,10,26,16,7,12,15,16,22,14,7,9,16,24,15,6,18,7,6,8,19,10,5,6,14,22,14,16,14,12,12,32,24,22,8,16,15,19,11,14,9,36,38,36,38,29,31,34,32,28,30,19,21,13,16,34,22,28,17,26,15,20,18,27,18,20,18,0,0,0,0
10,19,13,10,15,3,15,5,10,25,12,10,4,6,1,5,9,9,4,11,9,18,18,18,18,29,22,12,17,13,12,27,20,13,15,19,12,22,15,11,6,8,14,18,20,17,13,13,24,16,27,23,15,19,12,7,13,6,16,16,27,17,8,27,16,7,12,16,16,23,15,6,9,17,25,15,5,18,12,11,5,19,13,10,11,15,24,17,18,13,11,9,33,26,23,7,16,14,19,12,16,10,37,39,37,38,29,31,35,33,28,30,19,21,13,15,34,22,28,16,26,14,20,18,27,17,20,17,0,0,0,0
9,20,15,8,14,6,17,6,11,26,14,10,5,5,5,0,4,8,5,13,8,17,17,17,17,30,22,12,16,14,12,28,21,13,15,20,12,23,15,10,5,9,14,16,16,14,13,12,24,17,27,23,14,18,11,8,12,7,15,15,25,17,10,25,16,8,12,15,16,21,14,7,10,16,23,15,6,18,11,10,7,21,12,9,10,15,23,15,16,13,11,11,32,25,22,8,15,14,20,13,14,10,37,39,37,39,29,32,35,33,29,31,22,23,14,17,34,23,29,18,26,16,21,20,28,19,21,19,0,0,0,0
10,19,15,10,15,10,17,10,11,22,14,10,9,7,9,5,0,4,5,13,7,16,16,16,16,29,23,14,16,15,14,27,20,15,16,19,14,22,17,9,9,11,13,14,14,12,13,11,23,17,26,23,13,18,13,9,13,10,15,15,25,17,11,25,16,10,13,15,16,21,15,10,10,16,23,15,9,17,10,10,11,20,11,9,9,16,19,11,17,14,12,11,29,21,18,11,15,14,20,13,10,10,36,36,37,36,30,30,34,29,29,28,21,20,15,16,32,20,28,16,27,16,18,16,27,17,19,17,500,0,0,0
9,19,15,10,14,10,16,11,11,22,14,9,8,7,9,8,4,0,5,13,6,17,17,17,17,29,22,13,17,14,13,27,21,14,15,20,13,23,16,9,9,11,13,16,17,14,13,11,23,16,25,22,13,18,13,9,13,10,15,15,25,17,10,25,16,10,13,15,16,21,14,10,10,16,23,15,9,17,10,10,11,20,11,9,9,16,16,8,16,13,12,12,30,22,18,11,16,14,20,13,11,9,36,36,37,37,29,30,34,30,29,29,19,19,14,15,32,20,28,16,26,16,17,15,27,17,19,16,500,0,0,0
10,20,12,10,15,5,17,5,10,24,14,10,7,5,4,6,5,5,2,10,5,18,18,18,18,31,23,14,18,15,14,26,23,15,15,22,14,25,17,10,5,9,14,17,18,15,12,12,24,17,27,23,15,20,12,8,13,5,16,16,27,18,10,27,17,7,12,16,17,23,15,5,9,17,25,16,4,19,11,10,6,20,11,9,10,15,21,13,18,14,12,12,31,23,20,8,16,14,20,12,12,9,37,38,38,38,30,30,35,32,30,29,19,20,15,14,33,21,27,15,25,13,19,17,26,16,19,16,500,0,0,0
13,11,2,12,16,13,14,15,12,14,4,12,10,12,11,13,13,13,10,0,14,15,15,15,15,27,19,13,17,15,12,16,19,13,13,18,12,21,15,11,14,12,11,16,18,12,14,12,20,18,22,19,13,18,12,13,12,14,16,16,23,14,12,23,13,13,12,13,13,19,13,15,14,16,21,12,13,15,13,13,13,18,12,12,12,14,18,16,16,13,14,14,29,23,19,13,16,14,16,12,14,13,32,28,32,28,26,20,29,22,26,19,17,10,16,4,23,11,17,5,15,3,18,7,16,6,18,6,500,1000,0,0
10,19,13,9,15,9,17,10,10,23,15,12,9,7,9,8,7,6,5,14,0,18,18,18,18,30,22,14,18,14,13,26,22,15,16,21,14,24,17,10,8,10,13,17,17,15,12,12,24,17,27,23,14,20,13,8,12,8,16,16,26,17,10,26,16,7,12,15,16,22,14,8,10,16,25,16,8,19,10,9,9,20,11,9,10,16,20,12,18,14,12,12,31,23,20,8,15,13,18,10,10,7,36,37,37,37,30,30,34,31,29,29,19,19,15,15,32,20,27,15,24,12,19,17,27,15,19,16,500,0,0,0
13,11,15,12,16,19,15,17,18,21,15,13,18,17,18,17,16,17,18,15,18,1,1,1,1,19,12,12,19,17,11,27,20,13,11,19,12,20,12,16,17,14,17,19,18,16,15,15,18,16,18,14,17,17,10,17,14,21,18,18,23,16,17,23,16,16,12,16,16,18,15,19,19,17,22,16,18,14,18,18,18,20,16,18,18,13,23,18,17,15,18,17,30,23,22,17,19,16,20,16,18,19,30,31,31,31,24,24,28,26,23,24,20,18,17,15,30,18,27,15,25,15,20,17,27,16,20,16,0,0,0,0
13,10,15,12,16,19,15,17,18,21,15,13,18,17,18,17,16,17,18,15,18,0,0,0,0,19,11,11,19,17,14,27,20,12,11,19,11,20,12,16,17,14,17,19,18,16,15,15,17,16,18,14,17,16,10,17,14,19,18,18,23,16,17,23,16,16,12,16,16,18,15,19,19,17,22,16,18,14,18,18,18,20,16,18,18,13,23,18,17,15,18,17,30,23,22,17,19,16,20,16,18,19,30,31,31,31,24,24,28,26,23,24,20,18,17,15,30,18,27,15,25,15,20,17,27,16,20,16,0,0,0,0
13,10,15,12,16,19,15,17,18,21,15,13,18,17,18,17,16,17,18,15,18,0,0,0,0,19,13,11,19,17,11,27,20,12,11,19,11,20,12,16,17,14,17,19,18,16,15,15,17,16,18,14,17,16,10,17,14,19,18,18,23,16,17,23,16,16,12,16,16,18,15,19,19,17,22,16,18,14,18,18,18,20,16,18,18,13,23,18,17,15,18,17,30,23,22,17,19,16,20,16,18,19,30,31,31,31,24,24,28,26,23,24,20,18,17,15,30,18,27,15,25,15,20,17,27,16,20,16,0,0,0,0
13,10,15,12,16,19,15,17,18,21,15,13,18,17,18,17,16,17,18,15,18,0,0,0,0,19,11,11,19,17,11,27,20,14,11,19,11,20,12,16,17,14,17,19,18,16,15,15,17,16,18,14,17,16,10,17,14,20,18,18,23,16,17,23,16,16,12,16,16,18,15,19,19,17,22,16,18,14,18,18,18,20,16,18,18,13,23,18,17,15,18,17,30,23,22,17,19,16,20,16,18,19,30,31,31,31,24,24,28,26,23,24,20,18,17,15,30,18,27,15,25,15,20,17,27,16,20,16,0,0,0,0
24,22,27,24,28,31,27,29,28,25,26,26,29,29,29,30,29,29,31,27,30,19,19,19,19,2,10,21,22,20,21,20,11,19,21,12,20,12,20,27,29,25,28,28,26,26,28,27,25,28,24,24,27,22,22,29,26,30,26,26,27,26,29,29,27,27,23,27,26,27,26,31,28,27,28,26,31,26,27,28,31,26,27,29,27,26,30,28,22,27,28,29,24,28,28,29,28,29,20,26,28,28,14,21,14,21,10,18,14,20,10,18,25,25,20,27,22,24,20,25,21,26,19,26,20,26,19,26,0,0,0,0
20,16,19,16,20,23,21,23,22,20,18,18,21,21,22,22,23,22,23,20,22,11,11,11,11,9,0,13,22,20,13,23,19,11,13,20,12,20,12,19,22,18,21,21,21,19,20,19,18,20,16,16,20,19,14,22,18,22,21,21,23,18,23,23,19,19,15,19,18,19,18,23,22,20,22,18,23,18,21,21,23,21,19,22,21,18,24,23,20,19,22,21,28,24,22,21,20,21,19,20,23,21,21,25,21,22,14,21,19,19,13,19,19,19,20,19,26,19,23,18,21,18,19,20,22,19,19,19,0,0,0,0
12,18,13,7,14,14,15,13,14,23,14,13,12,14,12,12,14,13,14,14,14,11,11,11,11,21,13,1,12,9,3,23,13,5,8,12,6,15,8,12,13,12,12,18,17,14,13,12,21,16,23,19,13,15,7,13,10,20,17,17,24,15,13,24,14,13,10,14,14,19,13,15,15,15,23,14,13,15,13,14,13,19,13,14,13,15,19,12,17,12,13,14,31,23,22,13,17,16,20,14,15,15,33,36,34,35,27,29,32,31,26,29,15,22,7,11,31,20,26,15,22,13,18,16,25,16,18,16,0,0,0,0
17,18,17,11,17,17,18,18,15,20,17,17,17,17,17,16,16,17,18,18,18,19,19,19,19,22,22,12,1,17,12,25,13,13,15,12,12,15,15,16,17,16,18,9,19,17,16,17,22,17,25,22,16,19,14,16,16,19,17,17,23,19,16,24,19,16,18,18,19,21,19,19,17,18,23,19,17,20,16,16,16,19,18,16,16,17,15,16,18,16,17,15,29,22,19,17,16,15,21,16,17,17,33,34,33,34,29,29,30,28,28,28,14,21,17,17,31,21,25,18,24,17,20,17,25,18,21,18,0,0,0,0
8,19,15,13,13,15,16,15,13,23,16,15,14,13,13,14,15,14,15,15,14,17,17,17,17,20,20,9,17,3,10,14,12,12,13,11,11,13,13,13,12,14,13,16,17,14,14,14,22,16,23,22,14,18,13,13,13,15,14,14,23,16,13,22,14,15,15,15,15,19,15,16,14,15,22,14,14,14,13,14,15,18,13,12,13,15,18,14,10,14,13,15,24,22,20,15,16,16,12,14,15,13,25,35,26,35,20,29,24,30,19,29,15,18,2,14,22,20,18,17,17,16,10,17,17,18,9,16,0,0,0,0
12,19,12,7,14,14,15,16,13,22,13,13,12,13,12,12,14,13,14,18,13,11,11,11,11,21,13,2,12,8,1,21,13,5,6,12,4,14,6,12,13,12,12,17,16,13,13,13,21,16,23,19,13,14,6,12,9,14,16,16,23,14,13,22,12,13,10,13,13,18,12,15,15,14,22,13,12,13,13,14,13,18,12,12,13,15,21,14,16,11,12,14,31,23,21,13,16,16,18,14,15,14,32,34,33,35,27,29,31,29,26,28,15,17,9,12,29,19,25,15,22,13,17,16,24,16,16,15,0,0,0,0
22,22,16,26,23,28,25,27,24,23,20,28,26,27,27,28,27,27,26,17,26,27,27,27,27,20,23,23,25,14,21,1,19,21,22,18,24,18,23,25,26,26,24,24,26,24,27,25,26,27,27,27,25,23,24,26,25,28,24,24,26,25,24,26,24,27,25,26,25,26,26,29,26,25,24,23,27,24,26,26,27,24,25,24,26,27,22,23,19,24,26,26,23,27,24,27,27,26,17,24,26,25,21,32,21,32,17,29,20,28,17,29,21,19,16,14,9,21,5,17,5,16,16,18,4,18,15,17,500,1000,0,0
16,21,19,16,20,21,21,20,20,22,19,22,20,21,20,21,20,21,23,19,22,20,20,20,20,11,19,13,13,12,13,19,2,10,15,5,13,7,15,20,20,20,18,21,20,19,19,21,23,23,23,23,19,17,16,21,19,24,19,19,23,21,20,23,21,22,19,22,21,22,21,24,21,21,21,20,22,22,20,21,21,20,20,20,19,21,24,21,14,21,20,21,23,23,22,22,22,21,15,21,20,22,25,32,25,32,21,29,25,28,20,28,23,24,12,19,22,22,14,14,19,19,14,20,19,20,16,20,0,0,0,0
13,17,13,8,14,13,15,12,15,22,13,14,12,15,13,13,15,14,15,14,15,12,12,12,12,19,11,5,13,12,5,21,9,0,7,13,5,15,7,13,14,13,11,18,17,14,12,14,21,16,22,19,13,15,8,14,11,16,17,17,23,15,14,23,14,14,11,14,14,19,13,16,16,15,22,13,14,16,14,15,13,19,13,14,13,14,23,16,17,13,14,14,31,23,21,14,17,15,18,15,15,16,32,34,31,33,25,27,29,29,24,27,18,20,12,15,28,20,21,10,19,14,18,16,21,16,17,16,0,0,0,0
14,18,13,8,14,17,16,15,15,20,14,16,15,16,15,15,16,15,15,14,16,11,11,11,11,21,14,7,15,13,6,22,15,7,1,14,6,15,7,14,16,14,14,19,16,16,15,16,20,16,21,17,15,15,9,16,13,16,17,17,23,14,16,23,14,16,13,14,14,19,13,17,17,15,21,14,17,15,15,16,15,17,14,16,15,15,22,17,18,12,16,16,31,23,21,16,18,17,18,16,16,17,33,35,33,35,26,28,31,29,25,28,17,19,14,14,28,20,21,13,20,13,11,13,22,15,17,16,0,0,0,0
15,21,18,14,19,21,20,21,18,22,19,21,20,20,19,20,19,20,22,18,21,19,19,19,19,12,20,12,12,11,12,18,5,13,14,1,9,6,14,19,19,18,19,21,20,19,20,20,22,22,23,22,19,18,15,20,19,22,17,17,22,19,19,23,19,19,16,17,16,17,17,19,16,16,22,20,21,21,18,16,21,20,20,19,18,21,23,20,13,20,19,21,23,23,21,21,21,21,13,19,17,21,26,33,26,33,21,28,25,27,20,27,22,23,11,18,24,23,19,19,18,18,14,20,14,16,15,19,0,0,0,0
12,17,12,6,14,14,16,13,13,23,14,13,12,14,12,12,14,13,14,13,14,11,11,11,11,20,12,4,12,11,4,24,13,5,6,9,0,14,6,12,13,11,12,18,17,15,13,13,21,16,23,19,13,15,7,14,11,16,16,16,23,14,13,24,14,11,8,10,10,15,9,13,11,11,23,14,13,17,12,10,13,18,13,14,12,14,23,16,17,13,13,14,31,23,22,13,17,16,17,13,12,15,33,35,33,34,26,28,31,29,25,27,17,19,11,14,31,20,25,15,22,13,17,16,21,14,16,15,0,0,0,0
18,22,21,18,22,24,22,23,22,24,20,24,23,23,22,23,22,23,25,21,24,20,20,20,20,12,20,15,15,13,15,18,7,15,15,6,14,1,8,22,22,21,22,24,21,22,21,22,23,24,23,24,21,17,15,23,21,26,21,21,23,22,22,22,20,22,19,22,21,21,20,25,22,21,22,21,23,22,22,22,24,22,22,21,21,23,25,22,11,20,16,24,24,25,24,22,24,24,14,20,21,22,26,33,26,33,22,30,26,29,21,29,22,22,14,21,22,22,20,21,19,20,17,21,19,20,10,15,0,0,0,0
15,18,15,10,15,17,16,15,17,22,14,16,15,17,15,15,17,16,17,17,17,12,12,12,12,20,12,7,15,13,6,23,15,7,7,14,6,9,0,14,16,14,15,19,17,16,13,15,21,16,21,18,16,14,7,16,13,20,17,17,21,15,16,21,13,14,11,14,14,14,12,17,16,14,20,14,15,16,16,16,16,18,15,16,15,16,23,17,12,12,10,17,32,24,23,14,18,18,18,14,16,16,32,34,32,34,26,28,29,29,25,28,16,18,14,15,29,18,24,16,21,14,17,17,23,16,11,12,0,0,0,0
9,18,11,8,15,10,16,13,10,19,9,12,9,10,11,10,9,9,10,11,10,16,16,16,16,27,19,12,16,13,12,25,20,13,14,19,12,22,14,0,9,10,8,17,16,10,11,8,21,16,24,20,9,18,12,9,9,10,14,14,21,13,11,22,13,9,9,12,13,18,11,11,10,15,20,12,9,15,11,11,9,15,6,9,11,14,20,14,14,12,11,12,32,25,21,10,15,14,17,11,12,9,34,35,34,34,28,28,32,29,27,27,19,18,14,13,30,18,26,14,24,12,19,15,25,15,19,14,0,0,0,0
7,19,14,9,15,4,16,9,10,25,15,11,7,6,6,5,9,9,5,14,8,17,17,17,17,29,22,13,17,12,13,26,20,14,16,19,13,22,16,9,2,8,14,17,19,15,12,12,23,16,26,22,14,18,12,5,11,5,14,14,25,17,9,25,16,7,12,15,16,21,14,4,9,15,24,16,4,19,11,10,5,20,12,10,11,15,23,15,15,13,11,11,32,25,22,7,15,14,18,12,14,9,36,39,36,39,29,32,34,33,28,31,20,21,12,15,33,22,27,17,25,15,19,19,26,18,19,18,0,0,0,0
10,16,12,8,14,9,14,8,10,23,13,10,8,10,8,9,11,11,9,12,10,14,14,14,14,25,18,12,16,14,12,26,20,13,14,18,11,21,14,10,8,0,14,16,19,15,12,12,20,14,22,18,14,18,10,7,12,9,14,14,24,15,9,23,13,7,9,15,14,20,14,9,10,14,24,15,9,18,11,10,8,17,11,11,11,13,23,16,17,14,9,11,31,24,22,8,15,14,17,10,13,11,31,33,32,34,26,27,31,29,25,27,18,18,14,14,33,21,27,15,25,13,19,16,25,15,19,15,0,0,0,0
13,16,11,13,14,16,15,15,14,20,11,15,11,13,14,14,13,13,14,11,13,17,17,17,17,28,21,12,18,13,12,24,18,11,14,19,12,22,15,8,14,14,0,18,16,10,14,9,21,17,23,20,8,20,12,13,11,13,16,16,23,14,12,23,13,14,11,13,13,19,13,15,13,16,21,12,13,16,13,13,10,16,7,12,13,16,21,14,16,14,15,13,32,25,22,14,17,15,18,14,14,13,33,34,34,34,29,29,33,29,28,28,20,19,13,13,30,19,24,12,24,12,19,15,24,15,20,15,0,0,0,0
16,18,16,17,17,17,18,18,15,23,16,15,17,15,18,17,14,16,17,16,17,19,19,19,19,28,21,18,9,16,17,24,21,18,19,21,18,24,19,17,17,16,18,1,18,9,16,17,21,18,25,21,18,21,18,16,16,18,18,18,24,19,17,24,19,16,18,18,19,21,18,18,16,18,23,19,17,18,16,15,16,18,16,15,16,17,13,16,19,17,17,17,29,22,21,17,14,15,19,16,17,17,32,34,31,33,27,28,29,28,27,28,12,19,17,16,31,22,25,16,24,17,21,18,25,18,21,18,0,0,0,0
17,19,16,15,19,20,20,19,18,24,17,18,18,16,20,16,14,17,18,18,17,18,18,18,18,26,21,17,19,17,16,26,20,17,16,20,17,21,17,16,19,19,16,18,0,16,18,17,21,18,24,21,16,19,16,18,17,16,16,16,21,16,19,23,18,19,16,18,18,20,17,20,19,18,22,17,19,18,13,17,20,21,16,17,16,17,23,19,17,17,19,19,30,22,23,19,16,18,18,17,16,18,34,34,35,35,28,28,33,29,28,28,20,20,18,18,32,21,26,18,24,16,19,17,26,17,20,18,0,0,2000,0
14,16,12,13,16,16,17,16,13,22,13,15,15,13,17,16,12,14,15,14,15,16,16,16,16,26,19,14,17,14,13,24,19,14,16,19,15,22,16,10,15,15,10,9,16,1,15,10,20,17,23,19,11,20,14,14,12,15,17,17,21,15,16,21,14,16,13,14,14,18,14,16,14,16,20,14,15,14,14,13,15,17,8,13,14,16,20,14,17,14,16,17,27,22,20,17,15,16,17,14,14,14,33,33,34,34,28,28,31,27,27,27,19,18,15,14,31,20,25,14,24,13,19,16,25,16,20,16,0,0,0,0
10,17,15,11,13,11,15,17,13,22,14,9,11,13,13,13,13,13,12,14,12,15,15,15,15,28,20,13,16,14,13,27,19,12,15,20,13,21,13,11,12,12,14,16,18,15,0,13,21,14,24,20,14,19,12,12,13,12,15,15,23,17,13,23,16,11,12,15,16,19,13,12,12,13,22,16,13,18,14,13,12,20,13,13,14,11,21,15,14,13,12,12,29,21,22,10,14,14,18,13,14,29,33,35,34,35,28,27,32,30,28,28,19,19,14,15,32,20,25,13,26,15,20,17,27,15,18,14,0,0,0,0
13,16,12,10,15,13,16,14,12,20,13,13,12,12,13,12,11,11,12,12,12,15,15,15,15,27,19,12,17,14,13,25,21,14,16,20,13,22,15,8,12,12,9,17,17,10,13,1,20,17,23,19,8,18,11,12,11,11,15,15,22,14,12,22,12,13,10,14,13,19,13,13,12,16,21,12,12,15,13,13,13,16,7,13,13,15,20,14,14,14,13,13,31,25,21,13,15,14,17,12,13,12,33,33,34,34,27,27,31,28,26,26,19,18,14,13,30,18,26,14,24,12,20,16,26,15,19,14,0,0,0,0
23,17,20,22,21,25,21,37,23,22,19,19,23,23,24,24,23,23,24,20,24,17,17,17,17,25,18,21,22,22,21,26,23,21,20,22,21,23,21,21,27,20,21,21,21,20,21,20,1,9,8,5,21,23,21,23,21,29,24,24,25,21,23,25,21,22,20,23,21,22,23,25,22,23,24,22,24,22,22,22,24,24,21,23,22,19,25,22,21,20,23,21,28,23,22,22,23,23,22,20,22,22,32,32,32,33,26,26,27,27,24,24,23,21,22,19,31,22,26,19,26,20,21,19,26,20,20,18,0,0,0,0
16,17,18,16,16,18,15,17,16,22,16,11,16,16,16,20,17,16,17,18,17,16,16,16,16,28,20,16,17,16,16,27,23,16,16,22,16,24,16,16,16,14,17,18,18,17,14,17,10,0,12,7,17,19,16,15,16,25,16,16,26,19,15,23,17,14,15,17,18,22,17,17,17,16,25,18,18,20,15,16,17,19,17,16,15,13,22,17,18,14,15,13,29,22,22,14,15,15,21,16,17,16,34,34,34,35,27,27,29,29,27,27,20,20,16,17,33,21,27,17,26,18,21,17,27,18,21,17,0,0,0,0
25,19,22,21,23,28,22,30,25,23,21,22,26,26,27,28,26,25,27,22,27,18,18,18,18,24,16,23,25,23,23,27,23,22,21,23,23,23,21,24,26,22,23,25,24,23,24,23,8,11,1,4,24,25,22,26,23,27,25,25,25,21,25,26,21,25,22,24,21,24,23,28,26,25,25,22,26,22,25,26,27,24,23,26,24,20,26,24,22,23,25,24,29,24,23,25,26,25,23,23,25,24,31,31,31,31,24,23,28,25,25,24,25,23,23,21,31,24,27,21,27,22,22,21,27,22,21,20,0,0,0,0
22,17,19,19,19,24,19,22,21,21,18,18,22,22,23,23,23,22,23,19,23,16,16,16,16,24,16,19,22,22,19,27,23,19,17,22,19,24,18,20,22,18,20,21,21,19,20,19,5,7,4,1,20,22,18,22,19,23,22,22,24,19,22,23,19,21,18,21,19,20,21,24,22,23,23,20,22,20,21,22,23,20,20,22,21,18,24,22,20,19,22,20,28,23,23,21,22,22,22,20,22,22,31,31,31,32,25,25,27,26,24,25,22,20,22,18,31,21,27,18,25,19,22,18,27,19,21,17,0,0,0,0
15,18,13,13,16,16,16,14,14,20,13,16,13,15,15,14,13,13,15,14,14,17,17,17,17,27,20,13,16,14,13,25,19,13,15,19,13,21,16,9,14,14,8,18,16,11,14,8,21,17,24,20,0,19,12,14,11,15,16,16,22,15,14,22,14,15,12,14,14,19,13,16,15,17,20,13,14,17,14,14,13,17,8,13,13,14,21,15,15,14,16,14,32,25,21,15,15,15,19,14,14,14,33,33,32,32,28,28,32,29,28,28,21,20,14,15,30,18,24,14,24,14,20,17,25,17,20,16,0,0,0,0
17,20,19,15,19,20,17,23,19,24,18,18,20,18,19,18,18,18,20,18,20,16,16,16,16,22,19,15,19,18,14,23,17,14,15,18,15,17,14,18,18,18,20,21,19,20,19,18,23,19,25,22,19,0,15,19,18,21,20,20,23,19,18,22,18,19,18,17,18,20,15,21,18,16,18,14,18,20,20,20,21,19,19,16,18,20,24,19,16,19,15,19,30,25,22,19,20,19,20,18,19,19,32,34,33,35,27,29,30,30,26,28,21,22,19,20,30,21,25,20,25,19,21,21,25,21,20,20,0,0,0,0
12,16,12,6,14,13,14,11,13,21,12,13,12,13,12,11,13,13,12,12,13,10,10,10,10,22,14,7,14,13,6,24,16,8,9,15,7,15,7,12,12,10,12,18,16,14,12,12,21,16,22,18,12,15,2,12,10,13,16,16,22,13,11,22,11,10,6,13,12,18,12,13,13,14,21,11,11,14,13,12,12,17,9,12,13,13,23,16,15,13,11,12,30,22,21,13,16,14,16,12,13,14,33,34,34,34,27,27,31,29,26,27,18,16,14,13,30,18,26,14,23,11,20,16,25,15,17,13,0,0,0,0
9,17,12,9,13,8,15,10,10,23,14,12,7,7,7,8,9,9,8,13,8,17,17,17,17,29,22,13,16,13,12,26,21,14,16,20,13,23,16,9,5,7,13,16,18,14,12,12,23,15,26,22,14,19,12,0,6,7,13,13,24,16,10,24,16,9,13,16,16,16,15,8,9,10,24,16,6,18,10,10,6,20,12,10,11,15,22,15,14,12,10,11,31,23,22,7,14,13,18,11,13,9,32,34,35,37,29,30,33,30,28,29,18,19,13,14,33,21,27,15,25,14,21,18,26,16,20,16,0,0,0,0
12,16,11,10,15,13,16,14,13,22,13,13,12,12,13,12,13,13,13,12,12,14,14,14,14,26,18,10,16,13,9,25,19,11,13,19,11,21,13,9,11,12,11,16,17,12,13,11,21,16,23,19,11,18,10,8,0,13,16,16,18,10,13,19,10,13,9,10,10,10,9,14,14,15,18,10,12,12,12,12,12,20,11,12,12,14,22,15,17,10,13,12,30,23,21,13,14,15,18,13,14,13,31,32,34,35,28,29,32,29,28,28,19,18,14,13,32,20,26,14,24,13,21,17,26,15,20,15,0,0,0,0
10,19,13,10,15,5,16,8,12,25,15,12,6,7,6,7,10,10,5,14,8,19,19,19,19,30,22,14,19,15,14,28,23,15,16,21,13,25,17,10,6,9,13,18,16,15,12,11,24,17,26,23,15,21,13,7,13,0,13,13,23,14,10,28,18,7,13,16,17,22,14,4,8,16,27,18,5,21,7,10,5,20,11,10,10,15,23,15,16,15,10,11,34,26,23,7,15,14,19,11,13,7,37,38,37,39,30,32,35,33,29,31,20,22,15,16,34,22,29,17,27,15,21,19,28,17,21,18,0,0,0,0
14,19,15,13,15,23,15,16,13,25,16,16,17,16,16,15,15,15,16,16,16,18,18,18,18,26,21,17,17,14,16,24,19,17,17,17,16,21,17,14,15,14,16,18,16,17,15,15,24,16,25,22,16,20,16,13,16,12,0,0,18,11,14,23,15,14,16,14,15,20,15,16,13,16,23,16,15,18,11,15,17,18,16,16,13,16,22,17,13,16,14,14,29,23,22,15,15,14,17,15,15,15,33,36,33,36,27,30,30,30,27,30,17,18,14,18,30,21,25,18,23,17,18,18,24,18,19,18,0,0,0,0
14,19,15,13,15,16,15,17,13,25,16,16,17,16,16,15,15,15,16,16,16,18,18,18,18,26,21,17,17,14,16,24,19,17,17,17,16,21,17,14,14,14,16,18,16,17,15,15,24,16,25,22,16,20,16,13,16,12,0,0,18,11,14,23,15,14,16,14,15,20,15,16,13,16,23,16,15,18,11,15,17,18,16,16,13,16,22,17,13,16,14,14,29,23,22,15,15,14,17,15,15,15,33,36,33,36,27,30,30,30,27,30,17,18,14,18,30,21,25,18,23,17,18,18,24,18,19,18,0,0,0,0
23,23,22,21,23,27,23,28,22,25,21,26,27,26,27,25,25,25,27,23,26,23,23,23,23,27,23,24,23,23,23,26,23,23,23,22,23,23,21,21,25,24,23,24,21,21,23,22,25,26,25,24,22,23,22,24,18,25,18,18,0,13,26,5,17,24,18,14,17,14,17,27,23,20,5,18,25,18,20,24,25,23,22,23,22,25,26,26,19,21,22,24,29,25,24,25,24,24,22,23,23,25,34,34,33,33,28,28,31,28,29,29,24,22,24,23,32,24,27,23,26,23,22,22,25,23,23,21,0,0,0,0
15,17,13,12,17,18,15,21,15,22,14,17,17,17,17,17,17,17,18,14,17,16,16,16,16,26,18,15,19,16,14,25,21,15,14,19,14,22,15,13,17,15,14,19,16,15,17,14,21,19,21,19,15,19,13,16,10,16,12,12,13,0,16,18,4,16,10,9,4,14,9,18,15,15,18,5,16,7,12,16,17,17,14,16,14,16,23,18,17,14,14,16,31,23,21,17,18,16,18,15,16,17,33,34,35,35,28,28,30,28,28,28,19,19,16,14,31,20,26,15,24,14,18,15,24,14,19,15,0,0,0,0
11,18,12,10,11,9,12,12,9,21,13,12,9,10,8,10,11,10,10,12,10,17,17,17,17,29,22,13,16,13,13,24,20,14,16,19,13,22,16,11,9,9,12,17,19,16,13,12,23,15,25,22,14,18,11,10,13,10,14,14,26,16,0,26,15,10,12,15,15,22,15,11,10,16,25,15,10,18,12,11,10,15,12,11,12,15,22,15,15,14,11,10,32,25,22,9,16,13,18,11,15,10,35,36,35,36,28,29,33,30,28,29,19,19,13,14,31,21,25,15,23,13,20,17,24,16,20,16,0,0,0,0
23,23,23,22,24,27,23,28,22,25,22,26,27,26,27,25,25,25,27,23,26,23,23,23,23,29,23,24,24,22,22,26,23,23,23,23,24,22,21,22,25,23,23,24,23,21,23,22,25,23,26,23,22,22,22,24,19,28,23,23,5,18,26,0,14,24,18,15,18,15,18,27,24,20,5,17,25,19,25,24,25,23,22,22,24,24,26,25,19,20,22,25,30,26,25,25,24,25,22,23,23,25,34,36,35,35,30,30,33,30,30,31,24,22,24,23,32,24,28,23,26,23,23,23,26,23,23,21,0,0,0,0
14,18,13,12,17,17,15,19,14,23,14,16,16,16,16,16,16,16,17,13,16,16,16,16,16,27,19,14,19,14,12,24,21,14,14,19,14,20,13,13,16,13,13,19,18,14,16,12,21,17,21,19,14,18,11,16,10,18,15,15,17,4,16,14,0,15,9,9,4,14,9,18,15,15,17,4,15,6,16,16,16,17,13,14,15,15,23,17,17,13,13,16,31,23,21,16,17,17,17,14,16,16,34,35,36,36,29,30,31,29,29,29,19,18,15,14,31,20,26,15,24,13,19,16,24,15,19,15,0,0,0,0
10,18,13,10,15,7,14,11,10,23,13,9,7,7,7,8,10,10,7,13,7,16,16,16,16,27,19,13,16,15,13,27,22,14,16,19,11,22,14,9,7,7,14,16,19,16,11,13,22,14,25,21,15,19,10,8,13,7,14,14,24,16,10,24,15,1,6,12,13,18,11,5,7,12,23,15,7,18,10,7,7,19,12,9,10,14,22,16,17,13,10,9,33,25,22,5,13,12,14,6,12,8,34,35,34,36,27,29,31,29,26,28,18,18,15,15,32,20,28,16,26,14,21,18,25,15,19,15,0,0,0,0
12,16,12,10,15,13,15,14,13,21,11,13,12,12,12,12,13,13,12,12,12,12,12,12,12,23,15,10,18,15,10,25,19,11,13,16,8,19,11,9,12,9,11,18,16,13,12,10,20,15,22,18,12,18,6,13,8,13,16,16,18,10,12,18,9,8,0,8,7,12,7,11,11,13,17,9,11,12,13,11,12,18,9,12,13,14,23,16,16,12,12,12,32,24,22,11,16,14,13,8,13,13,32,33,32,33,25,26,30,27,25,26,18,16,15,13,30,18,26,14,24,12,21,16,23,13,19,13,0,0,0,0
13,18,13,12,15,16,16,21,14,23,14,16,16,15,16,15,15,15,16,13,15,16,16,16,16,27,19,14,18,15,13,26,22,14,14,17,10,22,14,12,15,15,13,18,18,14,15,14,23,17,24,21,14,17,13,17,11,16,14,14,14,9,15,15,9,13,8,0,5,10,3,15,9,9,14,9,14,12,14,11,16,18,13,14,14,15,23,16,17,13,13,15,31,23,21,15,17,15,17,13,12,15,35,35,35,36,28,29,31,28,29,28,19,19,15,14,33,21,27,15,25,13,20,16,22,12,20,15,0,0,0,0
14,18,13,12,17,17,15,18,14,23,14,16,16,16,16,16,16,16,17,13,16,16,16,16,16,26,18,14,19,15,13,25,21,14,14,16,10,21,14,13,16,14,13,19,18,14,16,13,21,18,21,19,14,18,12,16,11,17,15,15,17,4,15,18,4,13,7,5,0,10,5,15,11,11,17,4,15,7,15,12,16,17,13,15,14,15,23,17,17,14,13,16,31,23,21,16,17,17,17,14,13,16,33,34,35,35,28,29,30,28,28,28,19,19,15,14,32,21,26,15,24,13,19,16,21,12,19,15,0,0,0,0
18,20,19,18,19,23,19,24,18,24,18,20,21,22,23,21,21,21,23,19,22,18,18,18,18,27,19,19,21,19,18,26,22,19,19,17,15,21,14,18,21,20,19,21,20,18,19,19,22,22,24,20,19,20,18,16,10,22,20,20,14,14,22,15,14,18,12,10,10,0,8,20,14,8,14,14,21,17,19,17,22,21,19,20,19,21,24,22,15,17,17,20,31,24,24,20,21,21,20,20,17,21,29,30,33,34,28,27,30,27,28,28,21,19,20,20,32,21,27,20,24,19,22,20,22,18,19,15,0,0,0,0
12,18,13,11,16,15,17,16,13,23,14,14,14,14,15,14,15,14,15,13,14,15,15,15,15,26,18,13,19,15,12,26,21,13,13,17,9,20,12,11,14,14,13,18,17,14,13,13,23,17,23,21,13,15,12,15,9,14,15,15,17,9,15,18,9,11,7,3,5,9,0,12,7,6,17,9,13,12,14,10,15,20,12,14,13,15,23,16,15,13,10,14,32,24,20,14,17,15,17,13,12,14,35,36,35,36,28,29,31,28,28,28,19,19,15,14,33,21,27,15,25,13,19,16,22,12,19,15,0,0,0,0
11,21,15,11,16,4,16,6,12,27,17,12,7,7,6,7,10,10,5,15,8,19,19,19,19,31,23,15,19,16,15,29,24,16,17,19,11,25,17,11,4,9,15,18,20,16,12,13,25,17,28,24,16,21,13,11,14,4,16,16,27,18,11,27,18,5,11,13,14,20,12,0,6,14,26,18,4,21,11,7,5,21,12,10,11,16,24,16,18,15,11,11,35,27,24,7,16,15,19,11,12,10,38,40,38,40,31,33,36,34,30,32,21,23,16,17,36,24,30,18,28,16,22,20,26,16,21,18,0,0,0,0
10,20,14,11,16,9,15,12,11,25,16,12,10,9,9,10,10,10,9,14,10,19,19,19,19,28,22,15,17,14,15,26,21,16,17,16,11,22,16,10,10,10,13,16,19,14,12,12,22,17,26,22,15,18,13,9,14,8,13,13,23,15,10,24,15,7,11,9,11,14,6,6,0,9,23,15,9,18,10,6,10,18,11,10,10,15,22,15,16,14,10,10,32,25,21,10,15,13,16,11,11,10,35,38,35,38,29,31,31,30,28,30,18,21,14,16,33,23,27,17,25,15,19,18,23,14,19,17,0,0,0,0
13,20,16,13,17,18,16,19,14,25,16,14,16,16,17,16,16,16,17,16,16,17,17,17,17,27,20,15,18,15,14,25,21,15,15,16,11,21,14,15,15,14,16,18,18,16,13,16,23,16,25,23,17,16,14,10,15,16,16,16,20,15,16,20,15,12,13,9,11,6,6,14,8,0,20,15,15,18,16,12,16,19,15,16,15,15,22,17,12,15,11,14,30,24,21,14,17,15,17,15,14,15,30,32,34,35,27,28,29,28,27,29,18,20,16,17,32,22,26,18,25,16,18,18,22,15,18,16,0,0,0,0
22,22,22,22,23,26,22,35,22,22,20,24,25,24,25,23,23,23,25,21,25,22,22,22,22,28,22,23,23,22,22,24,21,22,21,22,23,22,20,20,24,24,21,23,22,20,22,21,24,25,25,23,20,18,21,24,18,27,23,23,5,18,25,5,17,23,17,14,17,14,17,26,23,20,0,13,25,18,24,23,24,22,20,20,22,24,25,25,18,20,21,24,30,25,24,24,23,23,21,22,22,24,34,35,34,34,29,29,32,29,30,30,23,21,23,22,31,22,26,21,25,21,22,21,26,22,22,20,0,0,0,0
14,18,13,13,17,17,15,26,15,22,13,15,15,15,15,15,15,15,16,12,16,16,16,16,16,26,18,14,19,14,13,23,20,13,14,20,14,21,14,12,16,15,12,19,17,14,16,12,22,18,22,20,13,14,11,16,10,18,16,16,18,5,15,17,4,15,9,9,4,14,9,18,15,15,13,0,15,6,16,16,15,17,12,12,14,15,23,17,17,14,13,16,31,24,22,16,17,16,17,14,16,16,33,34,35,35,28,29,31,29,28,28,19,19,15,14,30,19,25,14,23,13,19,16,25,16,19,15,0,0,0,0
10,20,14,9,15,4,16,11,10,26,14,12,5,6,5,6,9,9,4,13,8,18,18,18,18,31,23,13,17,14,12,27,22,14,16,21,13,23,15,9,4,9,13,17,19,15,13,12,24,18,26,22,14,18,11,6,12,5,15,15,25,16,10,25,15,7,11,14,15,21,13,4,9,15,23,14,0,18,10,9,4,20,11,7,8,16,23,16,17,14,10,12,34,26,23,8,15,15,20,12,14,10,37,39,38,39,32,33,36,33,31,32,20,21,15,16,34,22,29,17,27,15,22,19,28,18,21,17,0,0,0,0
16,18,16,16,18,20,16,24,18,21,15,18,18,18,18,18,17,17,19,15,19,14,14,14,14,26,18,15,20,14,13,24,22,16,15,21,17,22,16,15,19,18,16,18,18,14,18,15,22,20,22,20,17,20,14,18,12,21,18,18,18,7,18,19,6,18,12,12,7,17,12,21,18,18,18,6,18,0,19,19,19,17,16,17,18,17,22,18,18,15,16,19,30,23,22,18,20,18,19,17,18,19,33,34,35,35,28,28,30,28,28,28,20,19,16,15,29,18,27,16,25,16,19,16,26,16,19,16,0,0,0,0
10,18,12,10,14,12,16,12,10,23,14,12,11,7,12,12,10,10,11,13,10,18,18,18,18,27,21,13,16,13,13,26,20,14,15,18,12,22,16,11,11,11,13,16,13,14,14,13,22,15,25,21,14,20,13,10,12,13,11,11,21,13,12,25,16,10,13,14,15,19,14,11,10,16,24,16,10,19,0,4,11,19,12,5,3,14,21,15,15,13,12,11,31,23,21,12,14,13,17,13,11,12,35,36,35,36,28,29,32,30,27,28,18,20,13,15,32,21,27,16,25,14,19,16,26,15,19,16,0,0,0,0
10,19,13,10,14,11,15,11,10,24,15,12,10,6,11,10,10,10,10,13,9,18,18,18,18,28,21,14,16,14,14,26,21,15,16,16,10,22,16,11,10,10,13,15,17,13,13,13,22,16,26,22,14,20,12,10,12,10,15,15,24,16,11,24,16,7,11,12,13,17,11,9,7,12,23,16,9,19,4,0,10,19,11,4,4,14,21,15,16,13,12,12,31,23,21,11,16,15,17,12,9,11,35,36,36,37,29,30,32,30,27,28,19,20,14,15,33,21,27,16,25,14,20,17,23,13,19,16,0,0,0,0
11,19,13,10,15,6,16,6,11,24,13,12,5,8,5,7,11,11,6,13,9,18,18,18,18,31,23,13,16,15,13,27,21,13,15,21,13,24,16,9,5,8,10,16,20,15,12,13,24,17,27,23,13,21,12,6,12,5,17,17,25,17,10,25,16,7,12,16,16,22,15,5,10,16,24,15,4,19,11,10,0,19,11,9,11,15,23,17,18,14,11,11,34,26,23,7,15,14,21,13,15,11,38,38,37,38,32,32,36,32,31,31,20,21,15,15,33,21,27,15,26,14,21,17,27,17,22,17,0,0,0,0
17,19,18,17,19,20,16,19,17,21,18,20,20,19,19,21,20,20,20,18,20,20,20,20,20,26,21,19,19,18,18,24,20,19,17,20,18,22,18,15,20,17,16,18,21,17,20,16,24,19,24,20,17,19,17,20,20,20,18,18,23,17,15,23,17,19,18,18,17,21,20,21,18,19,22,17,20,17,19,19,19,0,9,19,19,20,21,19,19,18,17,20,31,24,22,19,18,19,19,19,17,20,32,33,33,34,28,27,30,27,27,27,20,20,18,19,29,19,24,19,21,17,19,17,24,18,20,18,0,0,0,0
11,17,12,10,15,16,16,21,12,20,12,13,11,10,13,13,11,11,11,12,11,16,16,16,16,27,19,13,18,13,12,25,20,13,14,20,13,22,15,7,12,11,7,16,16,8,13,7,21,17,23,20,8,19,9,12,11,11,16,16,22,14,12,22,13,12,9,13,13,19,12,12,11,15,20,12,11,17,11,10,11,9,1,10,11,14,21,14,16,13,12,13,30,24,21,13,16,14,17,12,12,11,33,34,35,35,28,28,32,28,27,27,19,18,14,14,31,19,26,14,24,12,18,15,25,15,19,15,0,0,0,0
10,20,13,11,15,11,16,18,9,22,12,11,9,5,10,9,9,9,9,12,9,18,18,18,18,29,22,14,16,12,12,24,20,14,16,19,14,21,16,9,10,11,12,15,17,13,13,13,23,16,26,22,13,16,12,10,12,10,16,16,23,16,11,22,14,9,12,14,15,20,14,10,10,16,21,13,10,17,5,4,9,19,11,0,4,15,21,15,15,13,11,12,31,23,21,11,15,14,18,12,12,11,35,36,36,37,30,31,33,30,28,29,19,20,14,15,31,19,26,15,24,14,20,17,25,17,19,16,0,0,0,0
10,18,13,10,15,12,15,11,10,23,13,11,10,6,11,10,9,9,10,12,10,18,18,18,18,27,21,13,16,13,13,26,19,13,15,18,12,21,15,11,11,11,13,16,16,14,14,13,22,15,24,21,13,18,13,11,12,10,13,13,22,14,13,25,16,10,13,14,14,19,13,11,10,15,22,14,8,18,3,4,11,19,12,4,0,13,21,15,16,13,12,12,31,23,21,12,16,15,17,13,12,12,34,35,35,36,28,29,32,29,27,28,18,19,13,15,31,19,26,15,25,14,19,16,26,16,18,16,0,0,0,0
14,16,14,13,16,14,15,14,14,20,14,13,14,14,15,15,16,16,15,14,16,13,13,13,13,26,18,15,17,15,15,27,21,14,15,21,14,23,16,14,15,13,16,17,17,16,11,15,19,13,20,18,14,20,13,15,14,15,16,16,25,16,15,24,15,14,14,15,15,21,15,16,15,15,24,15,16,17,14,14,15,20,14,15,13,2,22,17,17,15,15,14,26,18,23,14,15,14,19,15,15,15,31,33,32,32,25,25,29,27,24,23,17,18,15,15,31,19,27,15,26,15,20,17,27,16,20,17,0,0,0,750
22,21,18,21,21,24,22,24,20,21,20,21,22,22,24,23,19,16,21,18,20,23,23,23,23,30,24,19,15,18,21,22,24,23,22,23,23,25,23,20,23,23,21,13,23,20,21,20,25,22,26,24,21,24,23,22,22,23,22,22,26,23,22,26,23,22,23,23,23,24,23,24,22,22,25,23,23,22,21,21,23,21,21,21,21,22,2,10,22,20,21,23,30,24,22,22,22,20,20,20,22,21,34,35,35,35,30,29,31,29,29,28,13,16,16,14,26,19,25,18,24,17,19,16,25,18,21,17,500,0,0,0
14,18,16,14,16,17,17,16,14,19,17,15,16,14,17,15,13,8,13,16,12,18,18,18,18,28,23,12,16,14,14,23,21,16,17,20,16,22,17,14,15,16,14,16,19,14,15,14,22,17,24,22,15,19,16,15,15,19,17,17,26,18,15,25,17,16,16,16,17,22,16,16,15,17,25,17,16,18,15,15,17,19,14,15,15,17,9,0,18,15,16,17,27,24,21,17,17,15,19,12,15,13,34,33,35,33,28,27,32,27,27,26,17,14,12,12,28,17,26,16,23,15,17,14,25,16,19,15,500,0,0,750
11,20,16,16,16,18,17,16,16,22,16,17,17,16,18,16,17,16,18,16,18,17,17,17,17,22,20,17,18,10,16,19,14,17,18,13,17,11,12,14,15,17,16,19,17,17,14,14,21,18,22,20,15,16,15,14,17,16,13,13,19,17,15,19,17,17,16,17,17,15,15,18,16,12,18,17,17,18,15,16,18,19,16,15,16,17,22,18,1,16,10,18,25,23,21,16,17,18,12,16,16,16,26,33,28,35,22,28,26,30,22,29,20,20,11,18,25,21,20,19,19,16,14,19,19,18,9,13,0,0,0,0
12,17,13,11,15,16,15,16,15,23,14,14,13,14,13,13,14,13,14,13,14,15,15,15,15,27,19,12,16,14,11,24,21,13,12,20,13,20,12,12,13,14,14,17,17,14,13,14,20,14,23,19,14,19,13,12,10,15,16,16,21,14,14,20,13,13,12,13,14,17,13,15,14,15,20,14,14,15,13,13,14,18,13,13,13,15,20,15,16,0,13,13,31,23,21,13,14,13,20,14,15,15,35,35,34,34,29,29,33,30,28,29,19,20,14,14,31,20,25,15,22,14,18,16,24,16,18,15,0,0,0,0
11,19,14,11,16,11,14,11,11,24,15,12,10,12,11,11,13,12,12,14,12,18,18,18,18,28,22,13,17,13,12,26,20,14,16,19,13,16,10,11,11,9,15,17,19,16,12,13,23,15,25,22,16,15,11,10,13,11,14,14,22,14,11,22,13,10,12,13,13,17,10,11,12,11,21,13,10,16,12,12,11,17,12,11,12,15,21,16,10,13,1,12,32,25,22,10,15,15,18,12,14,11,33,35,35,37,29,31,33,31,29,30,17,19,14,16,31,20,27,17,25,14,20,18,26,17,15,12,0,0,0,750
11,17,13,12,14,10,14,11,10,23,15,10,10,12,9,11,11,12,12,14,12,17,17,17,17,29,21,14,15,15,14,26,21,14,16,21,14,24,17,12,11,11,13,17,19,17,12,13,21,13,24,20,14,19,12,11,12,11,14,14,24,16,10,25,16,9,12,15,16,20,14,11,10,14,24,16,12,19,11,12,11,20,13,12,12,14,23,17,18,13,12,0,33,25,23,6,9,8,19,13,15,12,36,37,36,37,29,30,32,31,28,30,19,21,15,16,33,23,27,16,25,15,21,18,26,17,22,18,0,0,0,750
28,29,29,30,29,33,30,32,29,30,30,31,33,32,33,32,29,30,31,29,31,30,30,30,30,24,28,31,29,24,31,23,23,31,31,23,31,24,32,32,32,31,32,29,30,27,29,31,28,29,29,28,32,30,30,31,30,34,29,29,29,31,32,30,31,33,32,31,31,31,32,35,32,30,30,31,34,30,31,31,34,31,30,31,31,26,30,27,25,31,32,33,2,10,20,34,33,31,25,31,27,31,25,31,26,32,23,29,23,28,23,29,30,28,25,29,25,30,23,29,24,29,23,29,23,29,25,30,500,0,0,0
23,23,23,22,22,26,23,25,22,25,24,23,25,24,26,25,21,22,23,23,23,23,23,23,23,28,24,23,22,22,23,27,23,23,23,23,23,25,24,25,25,24,25,22,22,22,21,25,23,22,24,23,25,25,22,23,23,26,23,23,25,23,25,26,23,25,24,23,23,24,24,27,25,24,25,24,26,23,23,23,26,24,24,23,23,18,24,24,23,23,25,25,9,1,12,26,25,23,24,25,19,25,33,32,33,31,28,29,31,29,27,25,24,23,22,23,33,24,29,23,27,23,24,23,28,23,25,24,500,0,0,750
21,20,19,21,21,23,23,22,21,24,20,22,23,22,23,22,19,18,20,19,20,22,22,22,22,28,22,22,19,20,21,24,22,21,21,21,22,24,23,21,22,22,22,21,23,20,22,21,22,22,23,23,21,22,21,22,21,23,22,22,24,21,22,25,21,22,22,21,21,24,20,24,21,21,24,22,23,22,21,21,23,22,21,21,21,23,22,21,21,21,22,23,20,12,1,24,22,23,22,22,17,22,32,33,31,33,28,30,31,28,27,29,22,21,20,19,30,22,26,20,25,19,20,20,25,20,21,21,500,0,0,750
11,17,12,11,14,7,14,7,11,24,14,10,7,8,7,8,11,11,8,13,8,17,17,17,17,29,21,13,17,15,13,27,22,14,16,21,13,22,14,10,7,8,14,17,19,17,10,13,22,14,25,21,15,19,13,7,13,7,15,15,25,17,9,25,16,5,11,15,16,20,14,7,10,14,24,16,8,18,12,11,7,19,13,11,12,14,22,17,16,13,10,6,34,26,24,2,9,8,16,8,13,8,36,38,36,38,29,31,34,32,28,30,19,21,15,15,34,22,28,16,25,13,22,18,27,15,20,16,0,0,0,750
14,18,14,15,17,16,17,16,15,24,16,13,16,16,16,15,15,16,16,16,15,19,19,19,19,28,20,17,16,16,16,27,22,17,18,21,17,24,18,15,15,15,17,14,16,15,14,15,23,15,26,22,15,20,16,14,14,15,15,15,24,18,16,24,17,13,16,17,17,21,17,16,15,17,23,17,15,20,14,16,15,18,16,15,16,15,22,17,17,14,15,9,33,25,22,9,0,9,19,14,14,14,35,35,35,35,28,29,31,30,28,29,19,21,16,18,33,22,28,18,25,16,22,19,27,16,22,18,0,0,0,750
14,15,12,15,15,14,16,13,14,22,15,12,17,15,14,14,14,14,14,14,13,16,16,16,16,29,21,16,15,16,16,26,21,15,17,21,16,24,18,14,14,14,15,15,18,16,14,14,23,15,25,22,15,19,14,13,15,14,14,14,24,16,13,25,17,12,14,15,17,21,15,15,13,15,23,16,15,18,13,15,14,19,14,14,15,14,20,15,18,13,15,8,31,23,23,8,9,2,18,13,13,12,35,36,35,35,28,29,31,30,28,29,19,20,16,15,30,19,25,14,25,14,21,17,26,14,21,16,0,0,0,750
14,16,14,18,18,20,19,19,18,22,15,21,20,19,19,20,20,20,20,16,18,20,20,20,20,20,19,20,21,12,18,17,15,18,18,13,17,14,18,17,18,17,18,19,18,17,18,17,22,21,23,22,19,20,16,18,18,19,17,17,22,18,18,22,17,14,13,17,17,20,17,19,16,17,21,17,20,19,17,17,21,19,17,18,17,19,20,19,12,20,18,19,25,24,22,16,19,18,1,9,15,16,24,31,26,34,18,26,23,26,18,26,19,19,13,18,23,23,18,19,16,16,14,20,17,15,12,18,0,0,0,0
12,13,10,12,15,14,15,12,12,21,11,13,13,11,12,13,13,13,13,12,10,16,16,16,16,26,20,14,16,14,14,24,21,15,16,19,13,20,14,11,12,10,14,16,17,14,13,12,20,16,23,20,14,18,12,12,13,11,15,15,23,15,11,23,14,7,8,13,14,20,13,11,11,15,22,14,12,17,13,12,13,19,12,12,13,15,20,12,16,14,12,13,31,25,22,8,15,13,9,0,11,8,31,33,33,34,26,27,30,28,25,26,17,16,15,14,30,19,25,15,22,12,19,16,24,11,17,14,0,0,0,750
13,17,12,13,15,16,16,14,13,21,15,14,15,14,16,14,10,11,12,14,10,18,18,18,18,28,23,15,17,15,15,26,20,15,16,17,12,21,16,12,14,13,14,17,16,14,14,13,22,17,25,22,14,19,13,15,14,13,15,15,23,16,15,23,16,12,13,12,13,17,12,12,11,14,22,16,14,18,11,9,15,17,12,12,12,15,22,15,16,15,14,15,27,19,17,13,14,13,15,11,0,12,34,33,36,35,30,30,33,28,29,29,20,20,15,15,32,21,27,16,24,13,20,17,24,11,20,16,500,0,0,750
11,18,11,10,14,10,16,9,10,24,14,13,11,9,10,10,10,9,9,13,7,19,19,19,19,28,21,15,17,13,14,25,22,16,17,21,15,22,16,9,9,11,13,17,18,14,13,12,22,16,24,22,14,19,14,9,13,7,15,15,25,17,10,25,16,8,13,15,16,21,14,10,10,15,24,16,10,19,12,11,11,20,11,11,12,15,21,13,16,15,11,12,31,25,22,8,14,12,16,8,12,2,34,36,35,36,28,30,33,31,27,29,19,19,14,15,32,21,26,16,23,13,19,18,25,15,19,16,0,0,0,0
31,27,32,34,32,38,33,36,34,30,31,33,36,36,37,37,36,36,37,32,36,30,30,30,30,14,21,33,33,25,32,21,25,32,33,26,33,26,32,34,36,31,33,32,34,33,33,33,32,34,31,31,33,32,33,32,31,37,33,33,34,33,35,34,34,34,32,35,33,29,35,38,35,30,34,33,37,33,35,35,38,32,33,35,34,31,34,34,26,35,33,36,25,33,32,36,35,35,24,31,34,34,2,14,11,23,13,22,10,21,13,22,32,30,26,32,21,30,21,30,22,31,25,31,21,31,24,31,0,0,0,0
36,26,27,35,34,40,33,39,36,21,30,35,38,38,39,39,36,36,43,28,37,31,31,31,31,21,23,36,34,35,34,32,32,34,35,33,35,33,34,35,39,33,34,34,34,33,35,33,32,34,31,31,33,34,34,34,32,38,36,36,34,34,36,36,35,35,33,35,34,30,36,40,38,32,35,34,39,34,36,36,38,33,34,37,35,33,35,33,33,35,35,37,31,32,33,38,35,36,31,33,33,36,13,0,23,11,23,13,22,10,24,13,34,24,35,26,33,23,32,25,32,27,34,26,32,27,34,25,500,1000,0,0
31,28,32,35,34,38,34,36,35,30,31,33,37,36,37,37,37,37,38,32,37,31,31,31,31,14,21,34,33,26,33,21,25,31,33,26,33,26,32,34,36,32,34,31,35,34,34,34,32,34,31,31,32,33,34,35,34,37,33,33,33,35,35,35,36,34,32,35,35,33,35,38,35,34,34,35,38,35,35,36,37,33,35,36,35,32,35,35,28,34,35,36,26,33,31,36,35,35,26,33,36,35,11,23,0,12,12,22,11,22,13,21,31,31,27,32,22,31,21,31,22,31,25,32,21,32,25,32,0,0,0,0
36,26,28,36,35,40,34,39,36,20,29,35,38,38,38,39,36,37,38,28,37,31,31,31,31,21,22,35,34,35,35,32,32,33,35,33,34,33,34,34,39,34,34,33,35,34,36,34,33,35,31,32,32,35,34,37,35,39,36,36,33,35,36,35,36,36,33,36,35,34,36,40,38,35,34,35,39,35,36,37,38,34,35,38,36,32,35,33,35,34,37,37,32,31,33,38,35,35,34,34,35,37,23,11,13,0,22,12,23,11,23,13,32,25,35,27,34,22,32,24,32,27,34,26,32,27,34,26,500,1000,0,0
24,23,26,28,28,30,27,30,27,26,25,26,30,29,29,29,30,29,30,26,30,24,24,24,24,10,14,27,29,20,27,17,21,25,26,21,26,22,26,28,29,26,29,27,28,28,28,27,26,27,24,25,28,27,27,29,28,30,27,27,28,28,29,30,29,27,25,28,28,28,28,31,29,27,29,28,32,28,28,29,32,28,28,30,28,25,30,28,22,29,29,29,23,28,28,29,28,28,18,26,30,28,13,23,12,22,5,17,9,19,6,18,26,26,20,26,19,26,17,25,18,25,19,27,17,26,18,26,0,0,0,0
29,19,21,29,29,32,27,35,28,15,23,28,30,31,31,32,30,30,31,20,30,24,24,24,24,18,16,29,29,29,29,29,29,27,28,28,28,30,28,28,32,27,29,28,28,28,27,27,26,27,23,25,28,29,27,30,29,32,30,30,28,28,29,30,30,29,26,29,29,27,29,33,31,28,29,29,33,28,29,30,33,27,28,32,30,25,29,27,28,29,31,30,29,29,30,31,29,29,26,27,30,30,22,13,22,12,13,0,19,7,18,6,28,18,30,20,29,17,29,18,29,20,29,19,29,20,29,19,500,1000,0,0
29,26,29,33,32,36,28,33,33,27,28,31,35,34,35,35,34,34,35,29,34,28,28,28,28,14,19,32,30,24,31,20,25,29,31,25,31,26,29,32,34,31,33,29,33,31,32,31,27,29,28,27,32,30,31,33,32,35,30,30,31,30,33,33,31,31,30,31,30,30,31,36,31,29,32,31,36,30,32,32,36,30,32,33,32,29,31,32,26,33,33,32,23,31,31,34,31,31,23,30,33,33,10,22,11,23,9,19,1,16,10,19,29,29,25,29,20,28,20,28,21,28,23,30,20,29,22,29,0,0,0,0
30,20,22,30,30,34,27,32,30,14,24,29,32,32,33,33,29,30,32,22,31,26,26,26,26,20,18,31,28,30,29,28,28,29,29,27,29,29,29,29,33,29,29,28,29,27,31,28,27,29,25,26,29,30,29,30,29,33,30,30,28,28,30,30,29,29,27,28,28,27,28,34,30,28,29,29,34,28,30,30,32,27,28,31,29,27,29,27,30,30,31,31,28,29,28,32,30,30,26,28,28,36,21,10,22,11,19,7,16,0,19,7,28,17,31,21,29,17,28,19,28,21,30,19,28,21,30,19,500,1000,0,0
23,22,26,27,27,29,27,28,27,25,25,25,29,28,28,29,29,29,30,26,29,23,23,23,23,10,13,26,28,19,26,17,20,24,25,20,25,21,25,27,28,25,28,27,28,27,28,26,24,27,25,24,28,26,26,28,28,29,27,27,29,28,28,30,29,26,25,29,28,28,28,30,28,27,30,28,31,28,27,27,31,27,27,28,27,24,29,27,22,28,29,28,23,27,27,28,28,28,18,25,29,27,13,24,13,23,6,18,10,19,3,15,25,25,19,26,19,24,17,25,18,25,18,26,17,26,17,26,0,0,0,0
29,18,20,28,28,31,28,30,28,14,22,27,29,30,30,31,28,29,29,19,29,24,24,24,24,18,16,29,28,29,28,29,28,27,28,27,27,29,28,27,31,27,28,28,28,27,29,26,24,28,24,25,28,28,27,29,28,31,30,30,29,28,29,31,29,28,26,28,28,28,28,32,30,29,30,28,32,28,28,28,31,27,27,30,28,23,28,26,29,29,30,30,29,25,29,30,29,29,26,26,29,31,22,13,21,13,18,6,19,7,13,0,28,17,30,19,28,16,29,17,29,19,29,18,29,19,29,18,500,1000,0,0
19,18,17,20,20,21,20,20,18,24,17,19,19,19,19,22,21,19,19,17,19,20,20,20,20,25,19,15,14,15,15,21,23,18,17,22,17,22,16,19,20,18,20,12,20,19,19,19,23,20,25,22,21,21,18,18,19,23,17,17,24,19,19,24,19,18,18,19,19,21,19,21,18,18,23,19,20,20,18,19,20,20,19,19,18,17,13,17,20,19,17,19,30,24,22,19,19,19,19,17,20,19,32,34,31,32,26,28,29,28,25,28,5,16,15,15,29,21,24,18,21,17,17,18,23,18,17,18,0,0,0,0
20,12,10,19,19,24,19,21,19,13,12,20,20,21,21,23,20,23,21,10,19,18,18,18,18,25,19,17,21,18,17,19,24,20,19,23,19,22,18,18,21,18,19,19,20,18,19,18,21,21,23,20,20,23,16,19,18,24,18,18,22,19,19,22,18,18,16,19,19,19,19,23,21,20,21,19,21,19,21,20,21,20,18,20,19,18,16,16,20,20,19,21,28,23,21,21,21,20,19,16,20,19,30,24,31,25,26,18,29,17,25,17,12,0,18,7,22,10,22,10,21,9,20,9,21,9,19,7,500,1000,0,0
8,19,16,13,13,15,16,15,14,23,16,15,14,13,13,14,15,14,15,16,15,17,17,17,17,20,20,7,17,2,9,16,12,12,14,11,11,14,14,14,12,14,13,17,18,15,14,14,22,16,23,22,14,19,14,13,14,15,14,14,24,16,13,24,15,15,15,15,15,20,15,16,14,16,23,15,15,16,13,14,15,18,14,14,13,15,16,12,11,14,14,15,25,22,20,15,16,16,13,15,15,14,26,35,27,35,20,30,25,31,19,30,15,18,1,13,24,21,19,17,17,15,11,17,18,18,11,17,0,0,0,0
15,10,4,14,16,16,14,16,14,13,8,16,14,16,15,18,19,15,15,4,15,15,15,15,15,27,19,10,17,14,12,14,19,15,14,18,14,21,15,13,15,14,13,16,18,16,16,13,19,17,21,18,15,20,13,14,13,19,18,18,23,14,14,23,14,15,13,14,14,20,14,17,16,17,22,14,16,15,16,15,15,19,14,15,15,15,14,12,18,14,16,16,29,23,19,15,18,15,18,14,15,17,32,26,32,27,26,20,29,21,26,19,15,7,13,0,22,10,17,5,15,3,18,7,16,6,18,6,500,1000,0,0
27,25,23,32,30,35,30,32,31,23,26,32,33,34,34,34,32,32,33,23,32,30,30,30,30,22,26,31,31,22,29,9,22,28,28,24,31,22,29,30,33,33,30,31,32,31,32,30,31,33,31,31,30,30,30,33,32,35,30,30,32,31,31,32,31,32,30,33,32,32,33,36,33,32,31,30,34,29,32,33,33,29,31,31,31,31,26,28,25,31,31,33,25,33,30,34,33,30,23,30,32,32,21,33,22,34,19,29,20,29,19,28,29,22,24,22,2,14,9,21,11,22,20,22,11,23,18,21,500,1000,0,0
20,13,11,20,20,23,19,21,21,11,14,20,21,22,22,23,20,20,21,11,20,18,18,18,18,24,19,20,21,20,19,21,22,18,20,23,20,22,18,18,22,21,19,22,21,20,20,18,22,21,24,21,18,22,18,21,20,22,21,21,24,20,21,24,20,20,18,21,21,21,21,24,23,22,22,19,22,18,22,21,21,19,19,20,19,19,19,17,21,20,20,23,30,24,22,22,22,19,23,19,21,21,30,23,31,22,26,17,28,17,24,16,21,10,21,10,13,0,21,9,22,10,21,10,23,11,19,9,500,1000,0,0
23,23,17,27,24,28,26,26,25,24,21,28,27,28,28,29,28,28,27,17,27,27,27,27,27,20,23,26,25,18,25,5,14,21,21,19,25,20,24,26,27,27,24,25,26,25,25,26,26,27,27,27,24,25,26,27,26,29,25,25,27,26,25,28,26,28,26,27,26,27,27,30,27,26,26,25,29,27,27,27,27,24,26,26,26,27,25,26,20,25,27,27,23,29,26,28,28,25,18,25,27,26,21,32,21,32,17,29,20,28,17,29,24,22,19,17,9,21,1,12,6,17,15,19,5,18,16,18,500,1000,0,0
16,11,5,15,15,18,15,20,15,12,9,16,16,17,16,18,16,16,17,5,15,15,15,15,15,25,18,15,18,17,15,17,14,10,13,19,15,21,16,14,17,15,12,16,18,14,13,14,19,17,21,18,14,20,14,15,14,17,18,18,23,15,15,23,15,16,14,15,15,20,15,18,17,18,21,14,17,16,16,16,15,19,14,15,15,15,18,16,19,15,17,16,29,26,20,16,18,14,19,15,16,16,30,25,31,24,25,18,28,19,25,17,18,10,17,5,21,9,13,0,17,5,18,7,17,6,18,6,500,1000,0,0
22,22,14,24,21,27,23,26,23,23,19,27,25,26,26,26,27,26,25,15,24,25,25,25,25,21,21,22,24,17,22,5,19,19,20,18,22,19,21,24,25,25,24,24,24,24,26,24,26,26,27,25,24,25,23,25,24,27,23,23,26,24,23,26,24,26,24,25,24,24,25,28,25,25,25,23,27,25,25,25,26,21,24,24,25,26,24,23,19,22,25,25,24,27,25,25,25,25,16,22,24,23,22,32,22,32,18,29,21,28,18,29,21,21,17,15,11,22,6,17,0,12,16,19,5,17,15,17,500,1000,0,0
14,10,2,13,16,15,14,16,13,13,7,15,13,15,14,16,16,16,13,3,20,15,15,15,15,26,18,13,17,16,13,16,19,14,13,18,13,20,14,12,15,13,12,17,16,13,15,12,20,18,22,19,14,19,11,14,13,15,17,17,23,14,13,23,13,14,12,13,13,19,13,16,15,16,21,13,15,16,14,14,16,17,12,14,14,15,17,15,16,14,14,15,29,23,19,13,16,14,16,12,13,13,31,27,31,27,25,20,28,21,25,19,17,9,15,3,22,10,17,5,13,0,18,7,16,5,17,5,500,1000,0,0
15,21,18,19,18,22,21,21,19,21,19,20,21,20,20,21,18,17,19,18,19,20,20,20,20,19,19,18,20,10,17,16,14,18,11,14,17,17,17,19,19,19,19,21,19,19,20,20,21,21,22,22,20,21,20,21,21,21,18,18,22,18,20,23,19,21,21,20,19,22,19,22,19,18,22,19,23,19,19,20,21,19,18,20,19,20,19,17,14,18,20,21,23,24,20,22,22,21,14,19,20,19,25,34,25,34,19,29,23,30,18,29,17,20,11,18,20,21,15,18,16,18,3,14,16,17,7,17,500,0,0,0
17,10,7,15,16,19,17,19,16,10,9,17,17,18,18,20,16,15,18,7,17,17,17,17,17,26,20,16,17,17,16,18,20,16,10,20,16,21,17,15,19,16,15,18,17,16,18,16,19,17,21,18,17,21,16,18,17,19,18,18,22,15,17,23,16,18,16,16,16,20,16,20,18,18,21,16,21,16,16,17,17,17,15,18,16,17,16,14,19,16,18,18,29,23,20,18,19,17,20,16,17,21,31,26,32,26,27,19,30,19,26,18,18,9,17,7,22,10,19,7,19,7,12,0,18,6,18,6,500,1000,0,0
22,22,16,25,23,28,25,27,23,24,20,28,26,27,27,28,27,27,26,16,27,27,27,27,27,20,22,25,25,17,24,4,19,21,22,14,21,19,23,25,26,25,24,25,26,25,27,26,26,27,27,27,25,25,25,27,26,30,24,24,25,24,24,26,24,25,23,22,21,22,22,28,23,22,26,25,28,26,26,23,27,24,25,25,26,27,25,25,19,24,26,26,23,28,25,27,27,26,17,24,24,25,21,32,21,32,17,29,20,28,17,29,23,21,18,16,11,23,5,17,5,16,16,18,2,16,15,17,500,1000,0,0
17,8,4,15,16,21,16,18,15,12,10,17,16,18,17,19,17,21,16,6,15,16,16,16,16,26,19,16,18,18,16,18,20,16,15,16,12,20,16,15,18,15,15,18,17,16,15,15,20,19,22,19,17,21,15,17,15,18,18,18,23,14,16,23,15,15,13,12,12,18,12,17,14,15,22,16,18,16,15,14,17,18,15,17,16,16,18,16,18,16,17,17,29,23,20,15,16,14,15,12,12,15,31,27,32,27,26,20,29,21,26,19,18,9,18,6,23,11,18,6,17,5,17,6,15,0,17,5,500,1000,0,0
15,22,18,19,18,22,21,20,20,23,19,21,21,20,20,21,19,19,19,18,19,20,20,20,20,19,19,18,21,9,16,15,16,17,17,15,16,10,11,19,19,19,20,21,20,20,18,19,20,21,21,21,20,20,17,20,20,22,19,19,23,19,20,23,19,19,19,20,19,19,19,21,19,18,22,19,21,19,19,19,22,20,19,19,18,20,21,19,9,18,15,22,25,25,21,20,22,21,12,17,20,19,24,34,25,34,18,29,22,30,17,29,17,19,11,18,18,19,16,18,15,17,7,18,15,17,1,13,500,0,0,0
17,11,6,15,16,18,16,18,16,12,9,17,16,18,17,19,17,16,17,6,16,16,16,16,16,26,19,16,18,16,15,17,20,16,16,19,15,15,11,14,18,15,15,18,18,16,14,14,18,18,20,17,16,21,13,16,15,19,18,18,21,15,16,21,15,15,13,15,15,15,15,18,18,16,20,15,17,16,17,17,17,18,15,16,17,17,17,15,13,15,14,18,30,24,21,16,18,16,18,14,16,16,31,25,32,26,26,19,29,19,26,18,18,7,17,6,21,9,18,6,17,5,17,6,17,5,13,0,500,1000,0,0